,TP9,AF7,AF8,TP10
0,-0.39405550670525,-0.4195169040546483,-0.539130030498771,-0.33955469590740844
1,-0.7889985421646676,-0.8936344829023244,-1.0961748086986405,-0.7355053432655584
2,-1.325046809225631,-1.5602016157567666,-1.8598181981664157,-1.2815581099365914
3,-2.005450116236196,-2.419008178524844,-2.8222158330541136,-1.9735436564967745
4,-2.818468448128597,-3.4549046571838264,-3.960463083438326,-2.796684705200612
5,-3.7399105717770023,-4.639369100010929,-5.238721796750428,-3.726611635456883
6,-4.740288500661971,-5.932091902233927,-6.611997281462887,-4.732548603358161
7,-5.791134147575044,-7.284170900899979,-8.035050006577691,-5.781911810570703
8,-6.8652800404002745,-8.64705774242414,-9.474566818052208,-6.844959734121341
9,-7.937966006283436,-9.98739206792229,-10.918742711049338,-7.904658803108953
10,-8.999346148169481,-11.302309935695101,-12.386624849622747,-8.972309683624333
11,-10.030992515098893,-12.571688973060507,-13.865520538788896,-10.053078454415893
12,-11.024072297882825,-13.773330507296315,-15.329768235494791,-11.147105118373705
13,-11.975242755362508,-14.886847781712218,-16.74715424005964,-12.239921107625769
14,-12.873701656189986,-15.896777408559155,-18.08614490101913,-13.303854433357738
15,-13.708909855223853,-16.7912313449551,-19.31859321940148,-14.309123882204757
16,-14.48970281576687,-17.560900713672215,-20.418563116672306,-15.23340003023715
17,-15.241254122292133,-18.202390554156636,-21.36675604170086,-16.065970487766798
18,-15.982729958969664,-18.723003494110678,-22.158660173539875,-16.80465953222854
19,-16.714249857915753,-19.141883671701684,-22.804555938173696,-17.450291095976098
20,-17.427614286685014,-19.485468294777274,-23.32327799373935,-18.002468821297132
21,-18.11636376037106,-19.779897945390545,-23.736357353562283,-18.457175851217766
22,-18.774408014948527,-20.043726315186742,-24.06417783188599,-18.816308551152673
23,-19.40293131066815,-20.286086605072594,-24.324054924077473,-19.10316992406984
24,-20.001202416988505,-20.509852215278833,-24.527600280129388,-19.35038160746889
25,-20.53836921887378,-20.711778464878694,-24.67854145866349,-19.56836057628907
26,-20.958399249246284,-20.879068513755417,-24.77638548347115,-19.73311357213262
27,-21.210088562266836,-20.98865621322822,-24.822711228947274,-19.7967537063072
28,-21.26042273121016,-21.012150327305037,-24.82221173188572,-19.710638659650886
29,-21.08552733391451,-20.923037452969826,-24.78001969729706,-19.443368955764623
30,-20.67136168806237,-20.70223569559055,-24.70086072667097,-18.983867159336032
31,-20.03769906978978,-20.34122510052576,-24.59030992869723,-18.33628514346735
32,-19.233375001506822,-19.842414494134907,-24.45501736099746,-17.513030024666158
33,-18.294592096462114,-19.21570337288125,-24.30233115935072,-16.531466655461607
34,-17.222025004800855,-18.46973575884186,-24.138217254174197,-15.410638320458226
35,-15.996809492907257,-17.602136194374996,-23.962423721048907,-14.169118711059271
36,-14.605703620237945,-16.59508790737735,-23.77149486189302,-12.8244437919459
37,-13.039993325661849,-15.420742807130788,-23.569244951806155,-11.390293002991745
38,-11.271292483981247,-14.052825979267618,-23.36911963157113,-9.87118478696035
39,-9.243645988926717,-12.475136129877102,-23.188336766578516,-8.253567111829904
40,-6.896083357043588,-10.684522164623926,-23.041850895151207,-6.502672696162612
41,-4.196932816838627,-8.689648331661195,-22.937567998551717,-4.583147600709654
42,-1.1779541567489569,-6.5114150348488575,-22.875643118376853,-2.4921785813994712
43,2.073659968582917,-4.1877694123846,-22.850462575844954,-0.26231887601605874
44,5.465622937741349,-1.7737724278842268,-22.850528734271208,2.06203562167383
45,8.922445388104256,0.6670495845947142,-22.85834376027592,4.439761545674358
46,12.37090275023217,3.0738724472818144,-22.852317690393004,6.8339217473368885
47,15.730614513051998,5.39516257078734,-22.809840249593098,9.207251127169972
48,18.92515588151202,7.588454750986152,-22.711370066308703,11.52367951759649
49,21.897136063107688,9.617552070780292,-22.54531118438689,13.751751974381326
50,24.610426241343692,11.454123441228434,-22.309313990003627,15.86577917260606
51,27.037462372308283,13.081516249017085,-22.005337836420928,17.844125369066145
52,29.149281287456322,14.493225607213974,-21.635791434320097,19.66392149661602
53,30.92258087704122,15.689816135015393,-21.205021433338555,21.29915035268952
54,32.34455245986149,16.675536759113637,-20.72015546139944,22.722765625268487
55,33.410718320374606,17.454651185571375,-20.19110113872737,23.907412797201314
56,34.1179261221336,18.030164630989216,-19.633616157282113,24.822317092832918
57,34.45880072657921,18.403858722655198,-19.069263287310722,25.436734855110057
58,34.43054081727161,18.577134115729713,-18.518932547599317,25.73097963040917
59,34.04602457319776,18.55329921664074,-17.995506149653238,25.70330138645423
60,33.34018286828068,18.34084573480066,-17.50203902368493,25.369649241951638
61,32.36301938123306,17.9525235753657,-17.03678847580202,24.762927913086408
62,31.163686571935536,17.402964309444815,-16.595845980506567,23.933087747731687
63,29.78983072687654,16.71074471786724,-16.169743724684167,22.940117042512053
64,28.294468936871745,15.899329683808656,-15.744172089283593,21.842824848087524
65,26.730166523537495,14.99392065162643,-15.305547616061462,20.6903402805265
66,25.135918608316867,14.017744109982445,-14.844295796634453,19.516282039767326
67,23.52977379276011,12.988719140966397,-14.35681960834942,18.335509779807293
68,21.917352937449156,11.91580473636743,-13.847011188921806,17.146104981985737
69,20.309736334609507,10.79896587558356,-13.323406073689261,15.939430703970023
70,18.72372125037314,9.634122054897448,-12.792665681806069,14.712685698592647
71,17.167742498459475,8.419291540531912,-12.255722629800335,13.474166873392194
72,15.635590762797776,7.158974227765304,-11.708269968117435,12.241666733293433
73,14.11627620627746,5.862324830259096,-11.1426465025025,11.04195917019615
74,12.612513326214328,4.539139593904821,-10.551186379455881,9.907359277318198
75,11.140565085024683,3.198997231059769,-9.930289346659443,8.864630267413073
76,9.716145771278764,1.8517590973389322,-9.281425078372106,7.9288777150175225
77,8.347317176441592,0.5075944312305896,-8.60930511568483,7.105947490551661
78,7.033759405365772,-0.8226236507777904,-7.9189982653865965,6.390760875870811
79,5.777688826741891,-2.1266024807058868,-7.2177823950972835,5.760190748154369
80,4.591590979871036,-3.3940415542213165,-6.520750975811579,5.178922223511708
81,3.488546973113211,-4.618704772481946,-5.847057123593693,4.61704641834265
82,2.4729530977692242,-5.79457431087598,-5.208883970125797,4.0581334314060795
83,1.5375304827188185,-6.916030143722707,-4.608448587378271,3.498627651848272
84,0.6683677287361302,-7.982175638886713,-4.042236451631602,2.9453969784211704
85,-0.141113641839793,-8.995764841465373,-3.504412084714301,2.4133811079546543
86,-0.8881420513071463,-9.959638066941839,-2.9900186090538954,1.9227641994431144
87,-1.5724038792119932,-10.875393079594618,-2.496240897613395,1.4912141109958845
88,-2.2026915535816793,-11.74178798472114,-2.0211403732881643,1.1276472572248157
89,-2.790119024162909,-12.55277919532904,-1.5613055984666189,0.8322557997666048
90,-3.3351948277376255,-13.296878145559898,-1.110118182368754,0.5962012636676052
91,-3.8215393627268117,-13.959770688468257,-0.6594466545453951,0.4021518342486618
92,-4.2273119897496185,-14.528372221697097,-0.20345267874878759,0.22986074169253218
93,-4.547014427315458,-14.992498945625202,0.25893632141435174,0.06053263138611217
94,-4.7950630788805,-15.347262166117448,0.7248053782993671,-0.12479851286623783
95,-4.984104258316093,-15.597349974912198,1.1893751857216677,-0.3409460394577374
96,-5.1037905393285845,-15.75717182004051,1.645986566421763,-0.5852555014339771
97,-5.13198533174184,-15.845295822336611,2.0888107230539497,-0.835455749510044
98,-5.0592925032415215,-15.879530090353466,2.5181682073065867,-1.063130371514191
99,-4.893525726455609,-15.876814877774795,2.935130568230859,-1.2462625232232125
100,-4.648936359230192,-15.854260680115704,3.3325750394638707,-1.3739060123198983
101,-4.3362374370734384,-15.824889095224485,3.697699189882819,-1.4420057432494142
102,-3.968341803107033,-15.793539079697817,4.018287431053024,-1.4464714620295094
103,-3.5644600632424126,-15.759960376439553,4.285402444289239,-1.3866498560643026
104,-3.136211058106968,-15.721382904544711,4.493312930955272,-1.2683217447816546
105,-2.6811888066005825,-15.673497151067506,4.637773590018135,-1.0991329491682906
106,-2.1938415505416313,-15.613168718495473,4.71561533854865,-0.8885014738813565
107,-1.679443146104936,-15.540189786473979,4.724875254600871,-0.647928306548517
108,-1.158039071908493,-15.458057941057655,4.6662601662937675,-0.3886412737386299
109,-0.6510391072537853,-15.37401076492448,4.546394383269051,-0.12057675936374455
110,-0.162491729731281,-15.298196187884583,4.378641884301959,0.15154405657737144
111,0.3228262857117975,-15.240358677554994,4.181787146741417,0.43152659833423923
112,0.8141611190969797,-15.204869149715723,3.978477779490815,0.7259394141752212
113,1.2898335099631506,-15.190712810909982,3.791757303043489,1.033610131329715
114,1.7123162576807978,-15.196292323398856,3.638559719962758,1.3469426927097594
115,2.0738490655690653,-15.220532545018754,3.524177937992127,1.665156085373543
116,2.41460962390739,-15.258996605913008,3.445630446834832,2.00095672856493
117,2.7909204985095957,-15.302888362649881,3.4008168882658456,2.3738642926672746
118,3.2327820721276987,-15.330562719899241,3.398822240211532,2.7753398386213677
119,3.755354233214866,-15.366271505824267,3.4142491729605258,3.2308392079516084
120,4.351086874883755,-15.426449337866975,3.4259175689376073,3.7330879823840064
121,4.996465231742365,-15.51928576019237,3.4191273435814926,4.2591693534078
122,5.650629489714932,-15.646055033468064,3.386209082704129,4.780640734966592
123,6.263698651634991,-15.80187893412741,3.3260076065167286,5.269081200154311
124,6.791882031432589,-15.975629412187095,3.2429889263827394,5.700845068800685
125,7.208656581294462,-16.152098225742254,3.146432434410453,6.059042498084498
126,7.505950846254335,-16.31540688605426,3.048436999735475,6.334675175338024
127,7.686975859346808,-16.451450505166076,2.9610221083127564,6.527348167850835
128,0.03209411104270271,-0.5993731448533872,-0.5779235834544731,0.06867213710355363
129,0.1463904077252024,-1.3995523346049374,-1.2710111760902447,0.2659282608364554
130,0.3224045220416317,-2.5826009647178907,-2.2682110576796193,0.5894512522539471
131,0.5657135327270241,-4.167665340843882,-3.5769765603172843,1.0548057985948023
132,0.886594393877632,-6.13891063929161,-5.17610227092115,1.6661179355674631
133,1.288084078559328,-8.446600920100035,-7.017489734937211,2.414668932825316
134,1.7547699618793016,-11.01369962337117,-9.033672017730943,3.2771810678760827
135,2.259954941891277,-13.745681604874179,-11.14842561383342,4.218840802056453
136,2.784819103190642,-16.543873203201038,-13.28892327850938,5.2020154027530605
137,3.3289718362832224,-19.329043700196287,-15.401544592745244,6.195124128457888
138,3.902011095988321,-22.07503765298886,-17.47300398638285,7.175640011428055
139,4.491480025001095,-24.743694063976445,-19.47185042871334,8.113039224326823
140,5.072399329368768,-27.30453533142572,-21.382317223576184,8.973525653597774
141,5.642933500189642,-29.734373805572883,-23.207493005550198,9.728128790783158
142,6.231215501475209,-32.02112129107856,-24.960041699089103,10.362736984273992
143,6.869850342211742,-34.16283994851009,-26.65314471541822,10.878220002212759
144,7.574319612920568,-36.162222705068295,-28.29509932271739,11.284358518208071
145,8.344357521121935,-38.022401494982574,-29.88470151740724,11.59602866140466
146,9.177003415989857,-39.748736053141094,-31.408321933931784,11.832230129570029
147,10.063973500059397,-41.35181846633032,-32.8416713368518,12.01664613725516
148,10.971125469847328,-42.84817496402393,-34.15135535009466,12.173486427118974
149,11.829063920043836,-44.26163953613818,-35.292721879125345,12.318298886537965
150,12.54675651765259,-45.62166085731648,-36.21368966700556,12.447481365187867
151,13.033893656058883,-46.95915740016698,-36.866851007493224,12.53294378272799
152,13.212521855061619,-48.30820836271302,-37.22005854156681,12.52388668687719
153,13.004479706093312,-49.70975670546036,-37.26217024310497,12.35118236585269
154,12.324877333682627,-51.20795830820614,-37.00338205513456,11.938773379356775
155,11.104980433914974,-52.84204260593408,-36.467864954885066,11.223325125631813
156,9.318974791699397,-54.64229871096099,-35.681315192861206,10.170820610321321
157,6.984921366347457,-56.63111562822324,-34.65918982667789,8.776273261791939
158,4.133040864441358,-58.820827573702935,-33.406411570667345,7.046816247585776
159,0.7877320083064916,-61.21033384241073,-31.928664372106127,4.9914025626350425
160,-3.0140487142832812,-63.78874766819295,-30.23772442176322,2.629860892131908
161,-7.20430184195738,-66.53734811068408,-28.348466245607753,0.003874972857379033
162,-11.682766772503468,-69.42773795697927,-26.278227912759824,-2.8274983467507218
163,-16.335617525341316,-72.42124473626492,-24.04955062713067,-5.795481027852467
164,-21.059754816599344,-75.46671485270252,-21.69432423844997,-8.824668582134148
165,-25.76201512355095,-78.4985248924675,-19.259580538301485,-11.834887273649873
166,-30.342358462569234,-81.43577918516655,-16.80743984561122,-14.740656893668675
167,-34.68896225853683,-84.18702477650022,-14.40314356233327,-17.452620354807475
168,-38.69442262151247,-86.66321895934017,-12.100674005670829,-19.882871050451822
169,-42.279062072875924,-88.78540842554834,-9.938258156663073,-21.955024370847298
170,-45.38824298335372,-90.4850714568611,-7.94338906190732,-23.617300107371484
171,-47.970440686444086,-91.70940306953469,-6.138069192441942,-24.852775780950974
172,-49.97542252266331,-92.42619573056885,-4.540701533711697,-25.679295811199523
173,-51.365302383840785,-92.62200233888025,-3.1643922646557963,-26.138110581787984
174,-52.12278774549627,-92.29911075858355,-2.012474094325658,-26.280002775468475
175,-52.25744746810536,-91.47099932959794,-1.0776377318264063,-26.15252786878738
176,-51.791633885319555,-90.15686164840612,-0.3462442789416957,-25.786330101325195
177,-50.744130128831884,-88.37878490713483,0.1987571392676636,-25.188046259244356
178,-49.1372938411922,-86.16158342068236,0.5774402610804981,-24.347238952767754
179,-47.01075544497421,-83.53274118000365,0.8125546969042221,-23.246586977329322
180,-44.423048942494496,-80.51943760697112,0.9296714270037504,-21.8686514110117
181,-41.43340819013775,-77.1494265318245,0.9561782523296691,-20.203007109241742
182,-38.08586459425439,-73.45797154721221,0.9180742138788583,-18.25114701137065
183,-34.4206920325974,-69.48901312021496,0.8355071404569637,-16.031749038275823
184,-30.49659102566851,-65.28982334040778,0.7183459952193932,-13.586462329250468
185,-26.393004255838704,-60.90713128696888,0.5667864190863803,-10.97469536440443
186,-22.19050542054204,-56.3868561575774,0.3759494502688071,-8.264055816346815
187,-17.95070206484783,-51.774905196372465,0.13816136962473313,-5.525410380608639
188,-13.708534058134461,-47.11394742612592,-0.1547424883115712,-2.819730777171196
189,-9.48263741867082,-42.43919131168781,-0.5069460364148929,-0.18467330418246153
190,-5.291764680801264,-37.77938728522581,-0.9154371437139308,2.363356359455399
191,-1.1566481305942058,-33.15946435444224,-1.3708301416281963,4.825112436741578
192,2.9120520502267344,-28.60159970087426,-1.8587646216575782,7.216934537832874
193,6.915968659987956,-24.124304507965515,-2.359068253037067,9.560674489410985
194,10.845692617694528,-19.739686026556843,-2.8483602633071663,11.871651299562078
195,14.662477896573332,-15.45558739376823,-3.3079096218242015,14.157334617067168
196,18.307831851374626,-11.285303260937443,-3.727112258548618,16.4206153748956
197,21.725740789416736,-7.255073588926659,-4.100044835206792,18.65478866817902
198,24.88017665717082,-3.400719534253878,-4.425614667910327,20.83498378936668
199,27.745866464914336,0.24149645857108737,-4.711309787902696,22.918502757033515
200,30.292228611552066,3.6399218464392025,-4.972824182578179,24.85314979206491
201,32.49550733252397,6.768898875541325,-5.23059954440811,26.58649521465823
202,34.36407224303347,9.613559170221569,-5.504362143714829,28.071812218894593
203,35.94570489119282,12.17491176058759,-5.8057343406661035,29.27691167957442
204,37.30214356963028,14.466858197879537,-6.1346288649844585,30.199952307455224
205,38.473983383195474,16.50904830790607,-6.482688498031128,30.866868596694232
206,39.47276924000128,18.32098672535676,-6.840016929772073,31.309060745103544
207,40.29743340116815,19.91730215259148,-7.198614546561843,31.553576893817436
208,40.94220252842505,21.305965256957858,-7.549894784590406,31.626442157958575
209,41.3952679661291,22.491262867377976,-7.8813336185432075,31.552720712143156
210,41.64172607131967,23.47814343889795,-8.177600304333124,31.352143784449222
211,41.67074106995281,24.272791251716082,-8.42358870875816,31.036331761806675
212,41.48946112753625,24.885225282803034,-8.606809607715716,30.609608540211475
213,41.12597672535052,25.334386706262798,-8.72129581454976,30.073298517403227
214,40.60812071353073,25.64713980606985,-8.772557927873523,29.426759748848532
215,39.946141529662704,25.85206122345173,-8.777123198025711,28.663135474290637
216,39.14105559005157,25.973705841160285,-8.755845849885056,27.77398156478331
217,38.20798828046795,26.03396740386755,-8.731209523665308,26.75967710643216
218,37.17934197937304,26.05726190658119,-8.727750762738873,25.63146715855729
219,36.082588971183704,26.066324977812187,-8.769858300880712,24.406896694632284
220,34.92525335573895,26.072268100232435,-8.87946400094709,23.103501132698092
221,33.701442587963726,26.074642818174397,-9.070694837808132,21.734111602868964
222,32.410761024603545,26.069580530996642,-9.34222642070295,20.311378952260185
223,31.06816079431299,26.057078487442833,-9.674663956873067,18.857027071646467
224,29.70211147744057,26.04628682469782,-10.035591103311102,17.399588554623946
225,28.344532151463948,26.053586712756275,-10.388569401314145,15.965502464262288
226,27.017434341630945,26.093488711748567,-10.697384932951742,14.573829411945391
227,25.727855136251517,26.171977547796416,-10.927168544294993,13.233373509363282
228,24.47453813986261,26.286681157907655,-11.049337220627173,11.941515821356482
229,23.256893808385154,26.433452759639327,-11.050711152441279,10.689293898371131
230,22.07244561605006,26.6131039142315,-10.939948278994155,9.471453524407096
231,20.91167094632128,26.830941713720513,-10.742396767592204,8.28695562388488
232,19.766045853056603,27.091103029851055,-10.490178717547577,7.133040693637662
233,18.636528304840446,27.39231259482311,-10.215595237407134,5.9989851637562515
234,17.525619300773783,27.725793778293124,-9.944310274152006,4.865967915697965
235,16.410940167491386,28.074060805042542,-9.68853107104269,3.7053038922687214
236,15.22231043025072,28.41595084419551,-9.44576285664847,2.466067542218555
237,13.87173967456743,28.735365706149327,-9.19799754042115,1.0836466206392044
238,12.318164821339506,29.0241708441145,-8.919974253834969,-0.49327359786114094
239,10.590951518006921,29.281473946047484,-8.596856670216793,-2.274581386669298
240,8.760655000804464,29.51296726126731,-8.225418793519532,-4.208764098409358
241,6.901571344629698,29.72758947902877,-7.806440658702281,-6.195104509251949
242,5.07966654917831,29.937270294852777,-7.340829727763187,-8.112648367722564
243,3.353167455857723,30.1529397313765,-6.827632954318863,-9.854244494335825
244,1.7601458049753114,30.3707751288402,-6.265334175942443,-11.365802200733437
245,0.309203815030139,30.57219666792604,-5.632941271106569,-12.658483654746693
246,-0.9887785511747946,30.73079329187318,-4.86939238476232,-13.759954626659985
247,-2.2318050354085304,30.834255855522837,-3.84701627062787,-14.834275963437936
248,-3.475045730706831,30.874013979326424,-2.5275930431573634,-15.988056246174697
249,-4.740305202382757,30.849773759256546,-0.9467427907982645,-17.26965736279934
250,-6.028572126220984,30.769944396366814,0.806710898684975,-18.67767944901195
251,-7.318649804066759,30.64954243232639,2.61277122731788,-20.17184687070515
252,-8.552137243069087,30.510187830991573,4.338511368212564,-21.675316935872264
253,-9.63275920313279,30.377626290573563,5.857159919572536,-23.072960244435567
254,-10.466236584255956,30.275121201682776,7.068213904583572,-24.2353719023487
255,-11.016939804023634,30.21747310395447,7.914884050076164,-25.069803824940745
256,-0.018911183327394193,-0.48284919317478525,-1.1064384408544674,-0.49626590710574414
257,-0.03979621229607395,-1.239004125971456,-3.9816365315798707,-0.984805065796465
258,-0.06327288285438727,-2.4066481995105513,-9.576150192617424,-1.6409000437662367
259,-0.05561343966038086,-4.016100682725756,-18.8907186120018,-2.4527168637494134
260,0.022579533137825153,-6.04287453608933,-32.81672035888412,-3.3856844335254332
261,0.164343318535697,-8.417521405233257,-52.002777801834895,-4.399926617710652
262,0.2955916115265475,-11.048882344315526,-76.75302011078249,-5.481569839454593
263,0.2970859266213151,-13.842368615345048,-106.97498387516008,-6.647710987113735
264,0.045084709913416676,-16.709068273466436,-142.19184817553582,-7.934976117410605
265,-0.5490375795831604,-19.574805088146864,-181.63067394150164,-9.39266118888773
266,-1.5259549480763508,-22.407077009460465,-224.39554836365403,-11.072490860402647
267,-2.8851570188913644,-25.16907489326684,-269.3118496851375,-12.965250748887405
268,-4.59264849484789,-27.838264428441832,-315.1903399431863,-15.007447241797331
269,-6.589373624924935,-30.40492913178165,-361.0021298534957,-17.105437335797564
270,-8.797140476929368,-32.86934501653242,-405.95987351552196,-19.17734198016112
271,-11.123697595013818,-35.228772319853675,-449.47716144456035,-21.164927319307775
272,-13.471463658680086,-37.46451754989831,-491.09118214604695,-23.025556170075266
273,-15.748023843723164,-39.53856961426007,-530.4085424684881,-24.73599872834341
274,-17.876089813534662,-41.40370761109424,-567.0956217854734,-26.298201427276364
275,-19.803338117688202,-43.021923783634115,-600.8889144832071,-27.73301316844409
276,-21.52297330053174,-44.37787356784435,-631.5944294653452,-29.076163230557484
277,-23.07855515412622,-45.48157457796965,-659.0812025962028,-30.37831312042004
278,-24.511911001322158,-46.35414195558019,-683.2730632243452,-31.683290800963157
279,-25.817695191687243,-47.008274683931,-704.1349901584102,-32.98727169769915
280,-26.96403435848106,-47.44798734784207,-721.6754205644136,-34.21895595933927
281,-27.932021833048367,-47.683503963861284,-735.9709203447013,-35.27627018570148
282,-28.740122198488027,-47.74167685831103,-747.1527903004826,-36.07517433302252
283,-29.441269120496635,-47.66045145649712,-755.3642917118335,-36.57102495220914
284,-30.08786260453932,-47.46952081328402,-760.7519434032225,-36.75743328420754
285,-30.7149618357184,-47.1828680670357,-763.4523551834033,-36.6565730431388
286,-31.349968435690855,-46.80695853200956,-763.5540860505184,-36.326005325616514
287,-32.0112214146558,-46.343769281338076,-761.0879858795705,-35.838064327873866
288,-32.69553599933636,-45.790079962050406,-756.0495468832721,-35.227869684628395
289,-33.367138287340204,-45.136349736962714,-748.4176686882145,-34.47499886201113
290,-33.96425104371959,-44.36672802107377,-738.1479690599291,-33.526631787154564
291,-34.421832873300026,-43.46345068931014,-725.1666893760635,-32.33679138695121
292,-34.68559998526133,-42.411394011574544,-709.3992417946351,-30.882779579818397
293,-34.70546246162545,-41.2022529543157,-690.8090167916683,-29.151797434111216
294,-34.42216878142598,-39.83941493309248,-669.4081602810865,-27.129330099642026
295,-33.78282793202639,-38.34156466014687,-645.2527835604145,-24.809469258808072
296,-32.788477688803546,-36.74389046505245,-618.4456698266647,-22.218612856141146
297,-31.5071904388789,-35.09091438552283,-589.1309437287,-19.429633250540203
298,-30.033151794986257,-33.42184579956169,-557.4706055842523,-16.5501127068667
299,-28.441695618074796,-31.76373042672522,-523.6349631523277,-13.685276837092278
300,-26.765745852497453,-30.134842918866934,-487.8123580105793,-10.91594648719653
301,-25.008519496175886,-28.54739046395087,-450.1970397082956,-8.293549766912427
302,-23.16869151908228,-27.005907891128437,-410.9817617400769,-5.828187083871516
303,-21.2379325950368,-25.503909029006508,-370.38138005364215,-3.4823388558737514
304,-19.20014662451465,-24.02918248870966,-328.62227134110043,-1.1958710635490748
305,-17.048582338134032,-22.577856859863136,-285.8946556807086,1.0643785760457756
306,-14.79988926431403,-21.157114253118596,-242.35014693449227,3.2933946580952287
307,-12.498399313961103,-19.777287497288054,-198.15249387116182,5.477993987204195
308,-10.203421776775208,-18.448431350506745,-153.50461852861875,7.617260978561574
309,-7.968912338610154,-17.178414842018647,-108.61547416157254,9.714917061343488
310,-5.829459460959205,-15.968910451626753,-63.66590266171024,11.758342042922008
311,-3.8005075631798517,-14.811903810658908,-18.826327380535062,13.720870933100098
312,-1.888933877904185,-13.689013456478685,25.710047282868835,15.573388452245824
313,-0.09582766547887189,-12.57529903306498,69.7440469885575,17.28144582181034
314,1.5946143385023464,-11.44435038453358,113.12751766901829,18.81505021698871
315,3.219772750753337,-10.27200914691327,155.7919879497326,20.171610883432496
316,4.823291750606003,-9.03844481104082,197.72526154615755,21.381255958138254
317,6.440421546257412,-7.7297047556283545,238.92509780225964,22.490160574903367
318,8.100939138751173,-6.3417716882050055,279.3821849397542,23.54181327091699
319,9.839846881547258,-4.8832581323692645,319.1216990027456,24.570722444302284
320,11.692041601230352,-3.3704344167784583,358.25167329328553,25.60274400756708
321,13.670934871688347,-1.8205774586175967,396.9680164557064,26.65134465009522
322,15.752011954194062,-0.2507480419553092,435.521856996206,27.709271529857038
323,17.875154013441957,1.3216652108811318,474.16418819100977,28.748007938851824
324,19.971715270693032,2.880677527830194,513.1126855385121,29.734422825716457
325,21.992012785696566,4.416363018167382,552.5408531733766,30.644463082708864
326,23.908480357813993,5.927132286063248,592.5482688195419,31.460130308067573
327,25.703993392975296,7.416488622678631,633.1388206739528,32.164858264339244
328,27.36552838452886,8.891526830170303,674.2271235022259,32.74913913955531
329,28.89716813610756,10.362263844557281,715.6451619317686,33.22268762426671
330,30.329658213685736,11.835665032924393,757.1296424440989,33.61928774823031
331,31.704470994723987,13.310737835520653,798.3053666142714,33.98145264900954
332,33.04565892121107,14.779473311556973,838.7000151241573,34.3347623178247
333,34.3432386485059,16.23005357522224,877.8256082890964,34.68224037896248
334,35.56386923273701,17.650642766446087,915.282032735567,35.01545218728619
335,36.67279469955847,19.030152214973352,950.7707961242672,35.31884458670473
336,37.650061612999245,20.35729507974527,984.0219947587166,35.56831252523763
337,38.49689802477423,21.62280094742881,1014.7287191453188,35.73558367667779
338,39.233424913782834,22.822369337719355,1042.5525571967264,35.797549138829574
339,39.89519607217709,23.9586130834726,1067.1819175103767,35.742778738282524
340,40.528000143269004,25.04070630463316,1088.3731762091627,35.573744712659824
341,41.17488429126426,26.078808848745826,1105.9465439663963,35.304951468616025
342,41.85306505859993,27.077534235606812,1119.762251114602,34.96024653653889
343,42.54139331915553,28.03600455193848,1129.711463887292,34.57080753925913
344,43.19282893402306,28.951375860075387,1135.7188037803733,34.17053150495239
345,43.756466309793645,29.819287996869775,1137.7356713150525,33.78476537448435
346,44.19004849200065,30.632543174837096,1135.7316946556489,33.41794490128466
347,44.45143915353707,31.3819331202024,1129.695988864368,33.05318952163069
348,44.49015366566008,32.06108653299146,1119.6400528458325,32.66073855149225
349,44.25907963167948,32.669686091218324,1105.599766393857,32.2028295503348
350,43.73612773742226,33.211067009678366,1087.6433186738593,31.637458687632183
351,42.934835444458415,33.68968874293417,1065.8781358088243,30.926526238509
352,41.89391261977242,34.110055626609395,1040.4773907400606,30.044722667224253
353,40.6577005773446,34.47427422285732,1011.7273951535067,28.983920878745803
354,39.259718467699095,34.77783761770136,980.0296407610897,27.752223225779584
355,37.72677674197209,35.00960797212213,945.8475719950262,26.370417785457526
356,36.092927315489604,35.156548125355194,909.644631082899,24.868829245497082
357,34.3946508861963,35.206901543659306,871.8548293842947,23.28418626467907
358,32.65495921298526,35.15164446018778,832.8751025364467,21.652591654118233
359,30.880699933200994,34.988400238558725,793.0319297025667,20.001368596435118
360,29.08103491006271,34.72525051069146,752.5473690413395,18.352646810798092
361,27.281387862259777,34.377556721572326,711.5540557726158,16.735025268016308
362,25.511669484531957,33.962794587606524,670.1398423524006,15.181599239252284
363,23.78774151741254,33.49728797030733,628.3906819182162,13.719192787347467
364,22.110034254200706,32.993362164470845,586.4228469806462,12.362924621446274
365,20.48071276115635,32.457636886520085,544.3989173757906,11.113742783764959
366,18.9158464247828,31.890272327568454,502.53777042236624,9.961988703241195
367,17.43731404499985,31.287736514954766,461.1118607870163,8.895152918065522
368,16.055490780181326,30.647772961835194,420.40642819792856,7.899773157112666
369,14.759682636425712,29.971209868228016,380.6685349496588,6.960208779359952
370,13.524825060288608,29.260532349621055,342.09128133090456,6.060563630980211
371,12.326636618914554,28.51774343206382,304.82246673980086,5.188455568075927
372,11.150066597314838,27.745491172399706,268.97897896903294,4.337169065538249
373,9.980093427622563,26.95014608263996,234.65799685479624,3.5064071884935735
374,8.841574847181459,26.173659020703873,202.6587171871141,2.7273252380304367
375,7.63502180799123,25.37040237232362,171.79405673305658,1.9604317407532401
376,6.336885974221162,24.530787051577473,141.78501693901404,1.1952743584378769
377,4.968606643436696,23.666326526719406,112.95463764040244,0.43776822925083353
378,3.570796862761706,22.800566555545974,85.95912195845958,-0.3005880782804981
379,2.194863529196752,21.96610067920237,61.563913615842736,-1.0043952230541842
380,0.9081642129638527,21.200395924675114,40.470486491666016,-1.6505312742423213
381,-0.21360698150214857,20.53895733410776,23.191295820945342,-2.211231308712706
382,-1.1087183647366965,20.00857110616864,9.972195602496981,-2.66157577401188
383,-1.749340283973555,19.62290605562562,0.7553232646696326,-2.986259848235577
384,-0.04594081085286862,-0.0782373428126157,1.3856344510489356,0.02001028300594715
385,-0.12527567363470513,-0.20508355030913145,3.28283210695823,-0.11845672780868416
386,-0.28225462677205415,-0.4181777682722263,6.124252066526807,-0.37290975397112636
387,-0.537331159373492,-0.7352910361648013,9.960210993119492,-0.7630617694720179
388,-0.8933201277365276,-1.1630619176849228,14.744127699517943,-1.2960816671284443
389,-1.3492522008764871,-1.6949628447246106,20.338522674975483,-1.9680813284065697
390,-1.9084834063060765,-2.3121219815907867,26.53147461915188,-2.7632934014434567
391,-2.5708141945170895,-2.9867479114845006,33.06089940685122,-3.6485762642520765
392,-3.3150804908487004,-3.68790224891999,39.65656423663058,-4.575579480502589
393,-4.104241306127491,-4.388670180841403,46.10342107909398,-5.495509676579169
394,-4.9096131509100704,-5.072730869388631,52.31927743676565,-6.377708308995357
395,-5.717010493207542,-5.721439948434685,58.20088040623831,-7.216309151518956
396,-6.514650172996781,-6.32094471012643,63.69658580079703,-8.020694915042347
397,-7.287985549454148,-6.870796432771088,68.80776438422268,-8.804513385141338
398,-8.032474181725817,-7.383568767498647,73.56014705533593,-9.582204564678698
399,-8.766047462681646,-7.873704588912365,77.96932525658013,-10.367596417028125
400,-9.521490930081027,-8.349319737220254,82.03021353389568,-11.171146785860396
401,-10.317600475736416,-8.811538511266452,85.72204577356612,-11.996498101736893
402,-11.141560742186108,-9.25772670120298,89.01076041543499,-12.837608854050485
403,-11.961173218592004,-9.685240278165017,91.85316841437076,-13.67872445587952
404,-12.745249279136075,-10.093487956675245,94.20364910433189,-14.494246178306652
405,-13.47107678372017,-10.48429553568837,96.01903179802352,-15.251951677101683
406,-14.112158545261142,-10.860015432028758,97.26488871958993,-15.923705114292265
407,-14.632371901395574,-11.221178451474243,97.92657846498457,-16.492213431933145
408,-14.996246185802041,-11.565237364097566,98.0202928500007,-16.952160655065622
409,-15.188166180284389,-11.88474129309553,97.5919129684317,-17.30646660995488
410,-15.225804564642544,-12.166917200780787,96.70714931923146,-17.557004587246226
411,-15.13738260398486,-12.395614328948803,95.44373812804696,-17.69996536587474
412,-14.938507763991737,-12.553593508200715,93.88459031715665,-17.728264853363875
413,-14.638695544212254,-12.622610281075191,92.10952311795725,-17.635608590395734
414,-14.251340769588978,-12.582613722951589,90.18828962384362,-17.41894419051367
415,-13.797501403123688,-12.416400162868614,88.1795193231483,-17.080011368577473
416,-13.293044346243883,-12.118008479860896,86.13090814182156,-16.625965292238664
417,-12.730660094437578,-11.693614093458729,84.06967114828947,-16.06673868067008
418,-12.089488991845847,-11.155910374167956,81.99014861104864,-15.413213159557387
419,-11.36583425467146,-10.522403719826144,79.85993823090969,-14.68034643678683
420,-10.590206791863888,-9.815691646489816,77.64046641444635,-13.891493163875202
421,-9.813410630734335,-9.061734508943749,75.29857894378947,-13.081492977476596
422,-9.083368787007876,-8.287490330359805,72.80736761647452,-12.291044142825443
423,-8.435391346094415,-7.517268371499647,70.14651399458025,-11.55274241619636
424,-7.901817604191251,-6.768409568254028,67.30755389848574,-10.88745625432743
425,-7.522781109628178,-6.050115013705261,64.29939243745734,-10.313540486485977
426,-7.337950407720416,-5.365942533354021,61.1484028702942,-9.852270120738284
427,-7.362532493026473,-4.71550401156258,57.891416097237276,-9.520424082302473
428,-7.575143980765324,-4.09376349773581,54.56178678846643,-9.319777848407517
429,-7.940366674961257,-3.4916500806045225,51.18309354399271,-9.237066824530977
430,-8.425445244886635,-2.9002582341829766,47.77392282633697,-9.251076800418135
431,-8.993083352888258,-2.3153251532873833,44.350499202259726,-9.336363926538027
432,-9.598671678966209,-1.7385379939760366,40.92674379018176,-9.46600528208042
433,-10.195398797475622,-1.1771894928328006,37.518293694205596,-9.619362239577594
434,-10.75272571981429,-0.643013598665644,34.14541671150391,-9.786619797949216
435,-11.266805524506324,-0.14978880300656305,30.828744224136454,-9.966908329538347
436,-11.743231385857678,0.29034268339334873,27.58530615433455,-10.164926443001871
437,-12.178135767537283,0.6714884837160146,24.42278629579174,-10.384171574782876
438,-12.557432367732936,0.9955449026492964,21.328444662273675,-10.619846774129446
439,-12.873205604140948,1.2682018292312414,18.26594237387839,-10.861008300733774
440,-13.134693326284438,1.4960026228831451,15.189223396150819,-11.099375591745584
441,-13.363242418055782,1.6888481759203684,12.062275218386432,-11.331627962867186
442,-13.574896850915,1.8570908926093208,8.868300140481422,-11.554103175916307
443,-13.76868957838202,2.002428823497745,5.609991506264885,-11.757720671002348
444,-13.935533471795347,2.1164733296780045,2.30956871940872,-11.933217940805273
445,-14.073873221001694,2.185258305225847,-0.9894735920797479,-12.086099657206763
446,-14.195516176358707,2.193554328773809,-4.226519491615308,-12.236265864222084
447,-14.308224145292273,2.130028081201691,-7.342109832623665,-12.397368299261634
448,-14.401673239349629,1.9907270984580319,-10.2975673603949,-12.561946377687976
449,-14.457801103560191,1.7788812400671077,-13.079497068165617,-12.706993845614893
450,-14.465446032066456,1.50303671768914,-15.698612906417235,-12.809846043425848
451,-14.428263809197215,1.1751840836650103,-18.187158418731592,-12.860214034319116
452,-14.354751863508461,0.8081964732212623,-20.582187679125987,-12.863340608182979
453,-14.246343025973236,0.41287250312783086,-22.90548654358184,-12.832047569997703
454,-14.103256398422483,-0.0035529582152714345,-25.156242373436246,-12.777108789247771
455,-13.937160155740123,-0.4366960125796362,-27.314742813298018,-12.710472094425345
456,-13.777921419924558,-0.8831954008691086,-29.355388649321153,-12.652331408223695
457,-13.657220407418293,-1.3400172387927942,-31.258411473576018,-12.623728953173496
458,-13.585628170338538,-1.8060918598150728,-33.01322627947363,-12.634230268636335
459,-13.55287708448642,-2.280715141160641,-34.61356960338088,-12.681812232877258
460,-13.54568617720246,-2.757265328753997,-36.04925563303219,-12.759101480460496
461,-13.56001091723873,-3.2245185497262705,-37.30784538300591,-12.854449830906612
462,-13.593234454721268,-3.674482415511219,-38.383012659963406,-12.949170294237932
463,-13.628566676729804,-4.103983543554161,-39.27738449532562,-13.024534598186714
464,-13.633519984870514,-4.512568835063193,-39.99729410882344,-13.079153118227826
465,-13.583267171946538,-4.901877736102165,-40.54685695879625,-13.132037480072894
466,-13.478935402851636,-5.275623958725815,-40.93141552392636,-13.203114192531233
467,-13.336757960732307,-5.639939433695564,-41.1679980292528,-13.29641591755293
468,-13.16882159196267,-6.001748383886012,-41.291010722938054,-13.404019075165117
469,-12.972998058107587,-6.364072462962498,-41.35269059471992,-13.516808832787527
470,-12.749342058349821,-6.723796340749856,-41.418681042200504,-13.628082117220124
471,-12.518266497360788,-7.074680715045869,-41.55174230785469,-13.73342111887335
472,-12.307572487328608,-7.4095260936831915,-41.79263680502352,-13.827809216232104
473,-12.131942277182583,-7.719421348338674,-42.15099622437859,-13.900111994870398
474,-11.98604712517181,-7.992206770457439,-42.60822156141808,-13.933641843182945
475,-11.863460111952222,-8.212281119615836,-43.12903612042961,-13.917790510196212
476,-11.774857606379113,-8.364084335646664,-43.67493647981168,-13.854435882791163
477,-11.735517167843517,-8.432964151090856,-44.22329266875341,-13.750782395648399
478,-11.74448261658592,-8.402611967375925,-44.78017505053375,-13.615070971639698
479,-11.776139734718901,-8.257923715793277,-45.37055301158655,-13.456929942576352
480,-11.795234843170554,-7.98989399657739,-46.02077332854042,-13.283116083299063
481,-11.773891153924717,-7.597341701819035,-46.7472049227622,-13.091890771264882
482,-11.687713970426964,-7.087909717230452,-47.549327032846016,-12.872828698911386
483,-11.500740730844402,-6.477494624711695,-48.40555164399204,-12.610984590162028
484,-11.162562446773936,-5.787336199751723,-49.27404367017369,-12.287330256113231
485,-10.634217479166338,-5.040221182754359,-50.09905136318523,-11.876178190635637
486,-9.913925314910676,-4.2582352407052335,-50.821088039397125,-11.352201809487935
487,-9.032662956331183,-3.462712108570024,-51.388157672412966,-10.704799692923357
488,-8.029933534015417,-2.67252313907915,-51.76542463820799,-9.938620486268631
489,-6.942414737408975,-1.9025615430488503,-51.9405847501493,-9.062979850837099
490,-5.808210823393405,-1.165369795405882,-51.92431491173282,-8.089823167057503
491,-4.669918658686589,-0.47273156933793414,-51.75209770148835,-7.037109266032177
492,-3.573607588989748,0.16325672228048754,-51.48305400472305,-5.928152372895496
493,-2.5496457843949605,0.7323928575216315,-51.18317128242778,-4.786961134629259
494,-1.600833685328898,1.2297182472873387,-50.900513314729274,-3.636080300165692
495,-0.7220656424381011,1.652839574585822,-50.654056683959475,-2.4980768717657047
496,0.0826644480250487,2.0011080489573523,-50.443879236382195,-1.3945009673916404
497,0.8023718471649803,2.278935178248626,-50.26108947795542,-0.3451343859687789
498,1.4330046339833866,2.4948552572572944,-50.086389819881845,0.6303149223815152
499,1.9827566238167529,2.658960643316978,-49.89262307384112,1.5136483422176017
500,2.4595052782465148,2.7809460236468517,-49.65407361241666,2.2931759320730434
501,2.8591697202871496,2.8672233346182248,-49.354746049384204,2.9646557203212986
502,3.1627951128124576,2.9329287201508127,-48.99529227168337,3.52462549714536
503,3.3641911419160535,2.949959713330024,-48.57089037612569,3.9705663590195206
504,3.4799585113544125,2.9030970027683907,-48.09470383459265,4.311460083984188
505,3.533499030574209,2.789443873722298,-47.59168618331213,4.563320272063822
506,3.5423653793506107,2.6160897946687487,-47.09405961035586,4.740083842029514
507,3.515290526826519,2.398220485763389,-46.6374180161143,4.851748723178221
508,3.459639327382593,2.158073327058067,-46.2538192373068,4.9090868122702584
509,3.3913834501306037,1.922283293494781,-45.962156463569286,4.924995268623745
510,3.330012174683333,1.7161613523096086,-45.76442348569511,4.9138311407522295
511,3.2832869492042556,1.5565483298715872,-45.64974859327871,4.889775265189414
512,-0.5663764434326732,-0.2621692923115626,-0.13228012883835086,-0.5484692561353508
513,-1.1174435938671827,-0.605498839001037,-0.09403360264985447,-1.1718357667107122
514,-1.8766043865466837,-1.1086751889531876,0.05569833261931198,-2.0243963336377164
515,-2.826053459182873,-1.7685836833847872,0.3559268974725256,-3.0857593017591833
516,-3.9317294287554314,-2.5635966288953,0.8322790102441873,-4.319816293853333
517,-5.158481693790171,-3.456110397372666,1.4916665998911138,-5.679424132131615
518,-6.4724187187280915,-4.397633887990042,2.3219699199334283,-7.11056673821085
519,-7.831256728032236,-5.335151085520863,3.292607478315013,-8.55788772563048
520,-9.177732025117217,-6.218300711055702,4.356022152824019,-9.973634612987816
521,-10.46248790343356,-7.009676038861795,5.4524693945896825,-11.33255612655461
522,-11.687562524879835,-7.6985316416070875,6.518005271730969,-12.65204956781703
523,-12.85164580096067,-8.272296686739526,7.499030357991026,-13.936509610131875
524,-13.951008856262492,-8.72821957322949,8.358168721507083,-15.191014115187524
525,-14.965616920033051,-9.070913976401297,9.072915349316517,-16.416135674972487
526,-15.87129748637322,-9.310427444734602,9.635506159127067,-17.605396093023955
527,-16.657408677856726,-9.461316468781954,10.051179825138117,-18.745607549280397
528,-17.325853626692552,-9.537322719628351,10.330650768432244,-19.82088101105572
529,-17.875309521369786,-9.547539144121462,10.485675343752982,-20.8190259708376
530,-18.292527903720707,-9.50104003234885,10.531075722572094,-21.732112490609516
531,-18.574407882507657,-9.410461869035757,10.48783477669921,-22.55149396312138
532,-18.744880013611922,-9.290364716869282,10.383924431929698,-23.264948981422226
533,-18.837429733605486,-9.15447378065589,10.253241387685701,-23.858291680000043
534,-18.87510498399856,-9.013947987921773,10.126093136880094,-24.31888623485757
535,-18.87141376249572,-8.877142045375846,10.015917914068801,-24.63789079080795
536,-18.84286529758151,-8.750665997664893,9.920896070320824,-24.81442469044541
537,-18.817032341644538,-8.64153654993795,9.838123724672174,-24.861893173924056
538,-18.828105255531188,-8.55778802237976,9.775295017343895,-24.80794582986949
539,-18.89298409691787,-8.507126881410924,9.75285731563428,-24.686827126394835
540,-18.998673632940946,-8.495734173947705,9.799435766356995,-24.53065107318044
541,-19.118512760854035,-8.527867531772861,9.944441334681704,-24.363623378614214
542,-19.23215900485536,-8.605554551121251,10.210956467342529,-24.202233418270698
543,-19.334323602231414,-8.72649208676076,10.614571909139224,-24.056029093315246
544,-19.42279215033708,-8.881403600459663,11.163388396869076,-23.925837321285268
545,-19.49075096720409,-9.057216980046565,11.851473474204205,-23.804314007576583
546,-19.533527410023005,-9.24413087198602,12.652677604849679,-23.678104699371666
547,-19.557565333688995,-9.43814547675615,13.520975155090147,-23.533701848156706
548,-19.58319824778875,-9.639021399479123,14.394171047403646,-23.365107784453553
549,-19.625389927625065,-9.84796399039469,15.201080837343378,-23.175492498249675
550,-19.678000508558714,-10.065999523979444,15.873976159314124,-22.973879134580073
551,-19.717964858034154,-10.29284655206985,16.363873268442987,-22.770985382074556
552,-19.720120648027606,-10.52651441682214,16.649841534163755,-22.578295490700476
553,-19.67399416230105,-10.761990471811691,16.732193955874866,-22.405175980777138
554,-19.577914398614524,-10.98899764087668,16.62038682356881,-22.25029823532824
555,-19.419680372458462,-11.19307215860889,16.329444287626266,-22.09881166967364
556,-19.18083626004819,-11.360303092586918,15.879682870373037,-21.929529595307976
557,-18.86407478286476,-11.481560041732783,15.292733361390095,-21.724160279939962
558,-18.505289435667443,-11.553400633844497,14.582897517954084,-21.472952472552866
559,-18.154805820498254,-11.576632547455983,13.755563308338845,-21.174342810020132
560,-17.84944992719343,-11.555128759575352,12.8127055465658,-20.829305052594325
561,-17.599398286102414,-11.49450104554364,11.756044454895779,-20.43927506980283
562,-17.40284493710341,-11.398202920475654,10.591651927516885,-20.01018551714005
563,-17.26407548295009,-11.262746493477637,9.335833859361443,-19.55575184302651
564,-17.18616329221945,-11.078571954983834,8.0145779310978,-19.09453607571349
565,-17.153406147861602,-10.836217678060109,6.656961245937371,-18.641178868848876
566,-17.13251442752784,-10.532091666415356,5.289683426634218,-18.20409611609092
567,-17.09790820271842,-10.170869435523318,3.9353781577080627,-17.79208424682667
568,-17.050945842257676,-9.764588029597666,2.613204236909245,-17.416449592053915
569,-17.00893779004038,-9.329287747283797,1.3373347593810332,-17.08722063963289
570,-16.97873782475829,-8.881115265953667,0.1137525555227385,-16.80931648802983
571,-16.949059337175747,-8.434595733127585,-1.0600447907123334,-16.579993595161337
572,-16.910162241665873,-8.001498451605924,-2.191392322440371,-16.389956151619817
573,-16.862682714916374,-7.586920540886334,-3.2890929363860835,-16.226076167460384
574,-16.80411755669965,-7.186107112624425,-4.362154304255157,-16.07000040541657
575,-16.71940452816887,-6.788687749544728,-5.415417649194158,-15.897868186049482
576,-16.585179410081114,-6.386447091210181,-6.44810425908931,-15.685536476167329
577,-16.384229981971544,-5.978175127882148,-7.461159675160552,-15.414504057200405
578,-16.11589879631974,-5.57015007914129,-8.457311471525955,-15.073098096249002
579,-15.792027954100721,-5.174461128067765,-9.432132074598531,-14.651732591235392
580,-15.417272914450722,-4.808927051735363,-10.371465395617893,-14.138839984861608
581,-14.979303784251291,-4.4945930933745055,-11.260118638521805,-13.527894701864996
582,-14.466739428979789,-4.2497417139327816,-12.093761413485653,-12.82988252323742
583,-13.882882565894588,-4.086765589002827,-12.876529600253013,-12.071204463035617
584,-13.242483999981188,-4.012019957098453,-13.610470254209053,-11.281161709748314
585,-12.560730285862272,-4.025297727320387,-14.294710173619505,-10.485867977186935
586,-11.845803862723967,-4.118851550280459,-14.929050902225542,-9.708388575752465
587,-11.10234423192231,-4.278796921506775,-15.513940442774935,-8.967853972135526
588,-10.341468250107317,-4.488036313727226,-16.05018845668485,-8.276159186781513
589,-9.587209315936088,-4.728804352780894,-16.539949362963377,-7.6344261875925525
590,-8.86373664904461,-4.985211606262076,-16.98455980942707,-7.030696752312384
591,-8.182971311871505,-5.245960370360445,-17.379018468500433,-6.4427136013953845
592,-7.54709095101413,-5.5048919903867395,-17.71264799589769,-5.847908875581867
593,-6.955109550254895,-5.758550346245556,-17.975781508198377,-5.233543358885671
594,-6.408183843920387,-6.005547677012428,-18.16433842762896,-4.601128559764527
595,-5.906634163656198,-6.245656455154962,-18.28391638231005,-3.9639861136897134
596,-5.4411772500975175,-6.476507724181345,-18.351455680094745,-3.339702452366726
597,-4.985565883705781,-6.692607398779961,-18.387929473667334,-2.744442907613806
598,-4.513389186895559,-6.886667561041917,-18.405615982238764,-2.1899747121666104
599,-4.02259294290669,-7.049614022036313,-18.401243922584378,-1.679583607816321
600,-3.5220103742729805,-7.169619018014763,-18.362871592855317,-1.2078258315175459
601,-3.0066465959418123,-7.233072801595761,-18.284154032808612,-0.7648590679317732
602,-2.457526133727073,-7.2280055023023495,-18.166640838908528,-0.33728642970179257
603,-1.859300907269144,-7.146181472613744,-18.01466091639273,0.09159328142760056
604,-1.2155084708178148,-6.981585353905216,-17.83298748285037,0.5373390051835967
605,-0.5434325836459695,-6.729135713389785,-17.621526152534795,1.0098816251471994
606,0.14907872802045707,-6.385862475517012,-17.377999946172572,1.5126770904749425
607,0.876587494305233,-5.953133244397542,-17.10989764103333,2.043490412055143
608,1.6553056948486475,-5.439321095069575,-16.84101860027026,2.5955002614910447
609,2.4776570172789656,-4.859960993078693,-16.604714046371,3.158873651240852
610,3.311739234166318,-4.234523365585873,-16.427936140676316,3.7203297555238204
611,4.113081808865587,-3.5840749751190546,-16.323629232726535,4.261100238565931
612,4.8377663440486165,-2.9291463025115085,-16.29362972066312,4.75662607566078
613,5.454479446607369,-2.2865066824623557,-16.33699671152081,5.184323402359884
614,5.944014024443055,-1.666426354131494,-16.458256865274922,5.536995691934452
615,6.2938010051478726,-1.070982204308041,-16.66404399725729,5.825337022384236
616,6.517375140802237,-0.49608527142414444,-16.952165675772115,6.07209787436803
617,6.665367939280408,0.06405780174063343,-17.303157101358153,6.306743881099453
618,6.792475020468448,0.6137364700506693,-17.680240472985783,6.556164332472004
619,6.933642208913084,1.1539959033575293,-18.03690724612026,6.837213458560491
620,7.110370768748672,1.6815123085470158,-18.326066113872987,7.154401278610611
621,7.339150988837854,2.1857816791922855,-18.509851803514646,7.497537395329572
622,7.630383106005572,2.6494422833950106,-18.570503808564283,7.839846895950277
623,7.969038948246698,3.054827476758004,-18.511298587625465,8.139558477366203
624,8.29462672013129,3.3874980712631437,-18.344409652158394,8.343741683991
625,8.51726112150013,3.635276741374832,-18.08524972896354,8.396594911402703
626,8.56329569953278,3.78873956675691,-17.762775352881125,8.255857046490885
627,8.400713565007466,3.8422836421053734,-17.42996828458806,7.910340852473418
628,8.033940937875567,3.7948257639941176,-17.15160062415865,7.386836201542351
629,7.494106812165606,3.6503562263105227,-16.97619931391064,6.7400523479273815
630,6.817281300773348,3.4248399372616003,-16.93847680119951,6.021515258210432
631,6.07842751927006,3.1150978483302296,-17.018173175633446,5.313370193593817
632,5.36048679714734,2.7368431786819136,-17.178668201342727,4.682187901216883
633,4.740720580066691,2.318005021758506,-17.379406316384422,4.177976786991411
634,4.264528654881727,1.8905981355609192,-17.58389827207346,3.8270519921216137
635,3.943961300533887,1.4854439272993174,-17.763525620881527,3.62914321331064
636,3.7764448319886004,1.129377838552331,-17.89901776187816,3.564352526504972
637,3.746163412506535,0.8414817887989607,-17.981582243179133,3.5986673579050463
638,3.8154074265461517,0.6305488766743963,-18.01324395423446,3.6902189914831767
639,3.9289595290857995,0.4953174823559351,-18.00406909704393,3.7980291848143124
640,-0.581780377474222,-0.2231625546956259,0.05241469637675111,-0.4615280419811814
641,-1.0958620166753177,-0.48393221126653285,-0.05366830199454245,-0.850650247427836
642,-1.7812721139657461,-0.852497720887714,-0.2674283368612774,-1.3659999749619869
643,-2.6157680520155906,-1.3288892014545546,-0.6031158549935848,-2.004538747959658
644,-3.554281882535077,-1.9070084820025597,-1.064529796828936,-2.7555788443435247
645,-4.550086381873253,-2.575227815304884,-1.6448506895930206,-3.60051178718783
646,-5.561193205357811,-3.315759562956888,-2.3279447482431164,-4.51205321774893
647,-6.544735458135026,-4.106470212124526,-3.0905034584751574,-5.45900790474162
648,-7.461197325666794,-4.925790598828564,-3.905561323306097,-6.41676127191635
649,-8.293319335864753,-5.759899312106118,-4.7458887351791,-7.376084780501961
650,-9.072438010636603,-6.611107809435364,-5.587619852334492,-8.35136132021116
651,-9.815967971657065,-7.473399838234607,-6.407740409168553,-9.32880546564427
652,-10.528695498311363,-8.336118740880837,-7.187924562801713,-10.280482503832262
653,-11.192458379445172,-9.184132197481803,-7.919902019804593,-11.175010897564565
654,-11.781627580510584,-10.001996370453481,-8.603645220469417,-11.990406567093151
655,-12.283771628078119,-10.77788750314045,-9.235112678886953,-12.720514039068517
656,-12.698953405505508,-11.505080122120688,-9.810855477612362,-13.370434400678214
657,-13.024435622688255,-12.180051978824608,-10.34123165596038,-13.94483075728639
658,-13.246425987453366,-12.799824976246386,-10.844345137503332,-14.446284277866285
659,-13.355924016073402,-13.360535582638247,-11.336985779326346,-14.879229305936326
660,-13.370044623589724,-13.85633351234858,-11.833967910743663,-15.250738003214591
661,-13.330386243230285,-14.278212868151497,-12.34623927751777,-15.571502348787275
662,-13.278787717741585,-14.616353320765773,-12.875281003749118,-15.854890106147188
663,-13.241477554110036,-14.86599054887999,-13.408389937200077,-16.113097554659262
664,-13.242071179833017,-15.030568542124378,-13.920449259215506,-16.35676357159118
665,-13.314466160422441,-15.119878415621573,-14.381021758236194,-16.5975351750875
666,-13.496823364270751,-15.146822378700014,-14.761027904871696,-16.84856434899254
667,-13.811647695943599,-15.126008197111897,-15.036713841107089,-17.125488837711995
668,-14.250328834545211,-15.073247543346925,-15.197120817735367,-17.44492442373029
669,-14.7856140909363,-15.004291010022932,-15.252617173235013,-17.81810703502685
670,-15.394059408287337,-14.932906771459338,-15.231779099495656,-18.246404934031478
671,-16.061088850263378,-14.867925458965844,-15.165377123147405,-18.721885714913586
672,-16.76139982250162,-14.811370010819566,-15.070359368325821,-19.22617647350903
673,-17.444949694195387,-14.758923156424794,-14.950481440957871,-19.72698041020106
674,-18.059926812826976,-14.701364102861538,-14.809600303691724,-20.18342228148437
675,-18.581973989792235,-14.629782733973416,-14.658923005781018,-20.55562963718043
676,-19.012118661547632,-14.542063992029245,-14.511879182325572,-20.811641645666544
677,-19.3529103068039,-14.443518392386167,-14.376433024751092,-20.931695181618828
678,-19.59743595407574,-14.343335916913208,-14.257692365037563,-20.90800367838412
679,-19.739134427085254,-14.251551227128424,-14.164566081608594,-20.746002016244955
680,-19.78348175860596,-14.175074025289508,-14.10893408221124,-20.465722739879528
681,-19.747877873278853,-14.113034385934636,-14.099452204014172,-20.096222439759806
682,-19.64214760823442,-14.057436845102762,-14.137058935574979,-19.666156530730078
683,-19.455670086947723,-13.999565784033058,-14.216280846005226,-19.200921403339525
684,-19.172644180349955,-13.934338841161814,-14.329162008297903,-18.723326522246285
685,-18.796500436748886,-13.85878728701048,-14.466402933670016,-18.25182349801427
686,-18.355393360774457,-13.770099424183751,-14.611692607815856,-17.80275368988697
687,-17.882060392067597,-13.665564033415418,-14.739882372348102,-17.38840470695432
688,-17.39306227002265,-13.542354844691884,-14.828669912887042,-17.00837387335374
689,-16.883399743714072,-13.397620746285847,-14.872421385433002,-16.64983765917986
690,-16.346031111106907,-13.228781798354657,-14.88508901555147,-16.29714385941822
691,-15.791269715904313,-13.032139683602756,-14.890020266754183,-15.934528063108631
692,-15.226203052845579,-12.799718461362886,-14.91155642929655,-15.541962902685803
693,-14.635302723842091,-12.51859925710454,-14.970218776966629,-15.099320261226705
694,-13.997905910575682,-12.175596908114784,-15.073605014128171,-14.594329943132552
695,-13.312197987591123,-11.765147517965794,-15.21230463023211,-14.026732601130863
696,-12.600769723448831,-11.294723192267417,-15.363897106504314,-13.407815979212213
697,-11.89630884224656,-10.783705936255169,-15.498626949864253,-12.755976522725424
698,-11.222747448700588,-10.258875263755723,-15.586031232845102,-12.093248773642522
699,-10.586028781657017,-9.748188533474526,-15.603270606854565,-11.440828561740627
700,-9.987075984673888,-9.273834627865432,-15.536714033156791,-10.814657568386432
701,-9.43748974059817,-8.849252586117418,-15.376936313051006,-10.223145499609393
702,-8.950852492495546,-8.480328099214514,-15.120373502661105,-9.665791895179455
703,-8.52488365705357,-8.16737358431781,-14.777031464954074,-9.132537032084258
704,-8.13631894176603,-7.904305323764935,-14.37467648527515,-8.608632453146134
705,-7.758217565686693,-7.677148010961653,-13.951155384881947,-8.083752640933069
706,-7.377831262669136,-7.466562370276105,-13.536582682401836,-7.55312706973751
707,-6.993920662355779,-7.25257718147193,-13.142239605998139,-7.011294512674531
708,-6.59682146370867,-7.0183891806283745,-12.76328782551531,-6.445185131458642
709,-6.159716125927556,-6.755711401143015,-12.389451443681589,-5.834526446644366
710,-5.66597798499606,-6.468439532039737,-12.013800605350477,-5.162157687311886
711,-5.127110903752582,-6.169246587997645,-11.63551893628387,-4.424753849155047
712,-4.566698864782138,-5.874390323134239,-11.2587360058572,-3.6365395153838493
713,-4.005306648537707,-5.599264819408067,-10.888556598274667,-2.8286189856305892
714,-3.4581794836905972,-5.357603532520874,-10.52829196169024,-2.042541224141502
715,-2.9398286518099703,-5.161178447543224,-10.175856025761728,-1.315970949614183
716,-2.470210928626829,-5.013961918079451,-9.825921353379638,-0.6782594590707228
717,-2.0757022692297284,-4.909207467093692,-9.482094269391132,-0.15810294656141838
718,-1.7687596417729694,-4.831677805467557,-9.161303810265759,0.22143914248547314
719,-1.5301225034104835,-4.761940203861775,-8.883885453136267,0.4575152757193936
720,-1.328949232358281,-4.681871922149847,-8.661842210239799,0.5686658428664091
721,-1.1498004768480574,-4.577971851109659,-8.497502003850501,0.5852260178506358
722,-0.9926144211642919,-4.443973609432988,-8.386970349783327,0.5410459414870724
723,-0.8546019997169797,-4.28196381003289,-8.320122697810714,0.4663698353558562
724,-0.7217837683423376,-4.099368944578879,-8.28041565085001,0.3808755398408517
725,-0.5770556882276404,-3.905873418606422,-8.243745020885244,0.28966732899849484
726,-0.41340691958680487,-3.711282783210296,-8.182333381414992,0.1843991173167364
727,-0.23609001240922484,-3.522103928106798,-8.075622428149817,0.05084886722941245
728,-0.042152111210609966,-3.340311229227121,-7.915494984510811,-0.11929943948198116
729,0.18953581368443417,-3.1649451607794674,-7.704908338238446,-0.32004945247612376
730,0.47888956659494836,-2.99364676890074,-7.457152426983071,-0.5353748292343299
731,0.8246422399213869,-2.824423548134391,-7.195654065364031,-0.7512075034719826
732,1.201628613126675,-2.6576081496919026,-6.94968469103088,-0.963075883899822
733,1.5759112806798912,-2.496710507968759,-6.744144204549635,-1.1695970372800408
734,1.924579630884705,-2.3444647983417917,-6.588775744822114,-1.3533382578557163
735,2.2395217581837805,-2.199726967355738,-6.477878645467053,-1.4783211072912088
736,2.507639033825002,-2.0610498448944172,-6.397734477266862,-1.510871312315832
737,2.6998997067037998,-1.9289149338713043,-6.329133581759357,-1.4302071956308011
738,2.795111473798177,-1.80451114325003,-6.2504456387242415,-1.2233398775548923
739,2.800141266959104,-1.6882507554905293,-6.146087166736083,-0.8898787392071243
740,2.736905176830429,-1.579326649257854,-6.013034798566118,-0.45285297755565745
741,2.619228554331428,-1.477408239384521,-5.85924625145223,0.044317264082048766
742,2.4452056635063286,-1.383874316655012,-5.696123306504811,0.5495313300858272
743,2.2086317554751163,-1.3005843799731729,-5.531951737800745,1.0127400942341418
744,1.9128274757172619,-1.2280989364437136,-5.366927377656594,1.396262100584299
745,1.5715968244991119,-1.1659605750045725,-5.195001721561371,1.6768649598686898
746,1.1958979032635344,-1.1141804937436663,-5.010321617030418,1.8378135027521736
747,0.7866702467068726,-1.073120770373589,-4.807013900805901,1.8738693437362375
748,0.3499232623916042,-1.041881201104137,-4.5774873442048225,1.8081539830258533
749,-0.09146828870910828,-1.0179473542985917,-4.3148953322357855,1.6889044914603164
750,-0.5033277460736162,-0.9994599078134235,-4.016690720039692,1.5661257736606087
751,-0.8505565325348403,-0.9867989729520075,-3.6867744523184287,1.4722890077088242
752,-1.1010288917976603,-0.9804208596508888,-3.3354706335059743,1.4187035616812367
753,-1.2204326604766185,-0.9766525299648158,-2.978479103599985,1.4070575798467624
754,-1.1676410979008762,-0.9678537955355008,-2.633048424515968,1.4373538835308217
755,-0.9051600574521395,-0.9474583361803214,-2.311548366056886,1.504257307714497
756,-0.4191691537517742,-0.9129097009688315,-2.018187476734375,1.5978344807770406
757,0.28217556712857317,-0.8651828046631524,-1.7501747197863722,1.7129537374608619
758,1.124133099120339,-0.8094442338997478,-1.51036226089842,1.836453458614326
759,2.20778163851229,-0.7564619989323357,-1.2777812758454326,1.9954708842236026
760,3.5456181902395234,-0.7144236943696594,-1.0427092491934944,2.198129094114684
761,5.078326301504802,-0.6889328828448855,-0.8028726244769638,2.4400594161034936
762,6.703185053152894,-0.682457319587826,-0.561095631402865,2.709509458093457
763,8.306375455333233,-0.6934614012345565,-0.324306640282666,2.9928005125040524
764,9.78842002182488,-0.7171321632253956,-0.10288853330032512,3.275150245010464
765,11.074784260027254,-0.7476402233570411,0.09127319803976812,3.5367652597486483
766,12.11375024093012,-0.7796910343600553,0.24835808542524282,3.756645303852514
767,12.877602116250774,-0.8088299419907953,0.3629136667834865,3.922966781594208
768,-0.24346291886950594,-0.2185540699150671,-0.5939005367609007,-0.49598902261205724
769,-0.45946987551902224,-0.5244226582095703,-1.2214848996108085,-1.0411698561519043
770,-0.804782516029461,-1.0081131817975268,-2.101555720766225,-1.8152955691549906
771,-1.301018253917285,-1.697157186757378,-3.231566455758419,-2.823401395918258
772,-1.9632528013563846,-2.6034822476504513,-4.584315442491528,-4.050656493135293
773,-2.8014936581069856,-3.7196113626948315,-6.111125725512121,-5.464513856393487
774,-3.8176579507763653,-5.019067220566455,-7.749458154458127,-7.02563643566299
775,-5.001517345949753,-6.460997185856998,-9.434447543665746,-8.691814507566763
776,-6.327888293566755,-7.997277851867974,-11.113804341301984,-10.41665904036197
777,-7.767058615647864,-9.581508550810621,-12.762685659492261,-12.16058381174787
778,-9.307951370009615,-11.182860588461303,-14.399514062263602,-13.912443120120725
779,-10.923977491233874,-12.763210214250314,-16.015017792062224,-15.635422353120864
780,-12.57645975099773,-14.292669061929116,-17.595520713189284,-17.28807625285267
781,-14.222210849682918,-15.753165741605898,-19.13039077784961,-18.83096108228525
782,-15.831587392202792,-17.13885292725084,-20.6118081256498,-20.23057716561336
783,-17.3960587578481,-18.447971893820867,-22.030344261055056,-21.459652805619204
784,-18.903317682508607,-19.671380390504872,-23.374203456047876,-22.49932600840232
785,-20.31668875718505,-20.79206698169799,-24.62977419220573,-23.340718532589552
786,-21.589731475102685,-21.79260900694564,-25.78392895243629,-23.9834179844361
787,-22.692080970568185,-22.658600318106345,-26.827344555167425,-24.43569692209647
788,-23.61201346679532,-23.37591166203347,-27.75493836491863,-24.71331733733881
789,-24.343365683280155,-23.92942671301073,-28.56401958689114,-24.8372919561884
790,-24.88071702444488,-24.30770998550517,-29.251168250244245,-24.83309725137213
791,-25.211108802003597,-24.507733547684122,-29.81068455262309,-24.727133907345245
792,-25.32907648563788,-24.538034596999278,-30.23689069864979,-24.543337427489316
793,-25.273294529536074,-24.422648963441016,-30.52521186742811,-24.315676198430168
794,-25.11922414673504,-24.20054821322919,-30.67074359386922,-24.101773663396443
795,-24.937668424883082,-23.918569800683965,-30.66748889862866,-23.966220646217014
796,-24.77387162362665,-23.618526246238684,-30.50933631299367,-23.952862864544755
797,-24.65363867615386,-23.32326156120131,-30.198131240418054,-24.071911786787076
798,-24.587849979702142,-23.033158838054383,-29.754953985222198,-24.297394246261547
799,-24.57332209759468,-22.7358853455417,-29.216063287346262,-24.569512096618183
800,-24.595977530230485,-22.419713555547016,-28.612196527982668,-24.811545866355992
801,-24.634776259317555,-22.077319486600924,-27.950823013331643,-24.955824621882147
802,-24.67201236153404,-21.703288510107342,-27.222493516054005,-24.95947481429547
803,-24.695675305811587,-21.294867285538835,-26.421870199289177,-24.815814577539616
804,-24.687281774439143,-20.85339432406734,-25.552534536093205,-24.549388708675835
805,-24.612048438434186,-20.383409675655546,-24.616290424892444,-24.185993794162894
806,-24.427822912058456,-19.892092676363074,-23.616988043979582,-23.73839025893906
807,-24.10658203538238,-19.38835956410253,-22.57931718955272,-23.216527923113883
808,-23.643515841066662,-18.87843643394871,-21.550132936930442,-22.636854646688068
809,-23.058096388281697,-18.366685679085148,-20.5666328991787,-22.033287480257886
810,-22.3961810029459,-17.863629817198284,-19.623702672956384,-21.461840045744143
811,-21.723399170800356,-17.382867997409498,-18.68389954086417,-20.976416194643313
812,-21.11624575965043,-16.93221015257049,-17.709924161374897,-20.612299180393098
813,-20.654047529824457,-16.516038574196994,-16.683121448595706,-20.405944742993274
814,-20.399649141456543,-16.14174905766275,-15.615904096737754,-20.394033492184143
815,-20.371069773291474,-15.818013779375034,-14.563573156833632,-20.577667741333507
816,-20.53619579980849,-15.547213925184211,-13.617097889727008,-20.92509224299996
817,-20.83413831491093,-15.320723961125616,-12.898564725568662,-21.4082874120088
818,-21.198235651429183,-15.11960748910967,-12.558730954579953,-21.997950701643983
819,-21.574331989716264,-14.917252887950529,-12.744087529508402,-22.638983357609863
820,-21.922543190332604,-14.680339675914693,-13.584093908131116,-23.26273309491829
821,-22.210525753524493,-14.384700959061565,-15.213814113395799,-23.812328637101437
822,-22.426339716648624,-14.041803701692592,-17.78714834209993,-24.255150684967326
823,-22.597959153544043,-13.700501426837128,-21.491609307552693,-24.59860211231277
824,-22.792389843187717,-13.426529775568648,-26.55463819101915,-24.89498122124286
825,-23.087466937407058,-13.280217397003847,-33.2387907287937,-25.2167867652868
826,-23.529794829195353,-13.297112412302168,-41.84282381708469,-25.625323806960353
827,-24.10065957973049,-13.478760925337227,-52.66454374787402,-26.149175342332114
828,-24.736732629148328,-13.802633282381866,-65.9123815238378,-26.786107159824606
829,-25.397697137730006,-14.240035629565506,-81.62867881764984,-27.523393609738818
830,-26.07638610979894,-14.758355758850863,-99.6760803976953,-28.352057148693923
831,-26.765269536875856,-15.314634659994304,-119.74251927177097,-29.26145552419886
832,-27.452645438550586,-15.85747117265081,-141.34613342348365,-30.220629954181504
833,-28.129461797652727,-16.332773222710436,-163.89152036412838,-31.178393060584025
834,-28.792525816390057,-16.690484201702866,-186.74413340819194,-32.07950927150489
835,-29.442148216155175,-16.898447908802574,-209.28820142300918,-32.877583619279406
836,-30.063220619125623,-16.95613092819803,-231.00915931871918,-33.54577333758539
837,-30.610365895658724,-16.889303866021436,-251.58137302361123,-34.069923643125605
838,-31.031967695215112,-16.72759520870259,-270.89738087899644,-34.44424676155011
839,-31.304513282618938,-16.48480435581403,-289.0421804075504,-34.694131778266886
840,-31.437683561998405,-16.16281583206988,-306.23175391745184,-34.86571513188789
841,-31.450512199293964,-15.767467684217877,-322.7412286594609,-34.97477056934224
842,-31.34062326927539,-15.30963523903609,-338.87121855711223,-35.0006704064745
843,-31.109786071664473,-14.802762870722967,-354.9311822275692,-34.91891443468781
844,-30.810450679656682,-14.261952661977157,-371.2095186686275,-34.709936790430405
845,-30.52234765089862,-13.697312345898563,-387.9441320018729,-34.35015909156474
846,-30.2996219631896,-13.111617400743611,-405.28280342437955,-33.814981573116874
847,-30.15754744457212,-12.506651189294535,-423.24550058659,-33.09526399652692
848,-30.091969210940395,-11.88821322034173,-441.72098508094035,-32.211306602285276
849,-30.09036479696258,-11.264400255934166,-460.50943352496364,-31.205448539223426
850,-30.1177694385943,-10.64309941083719,-479.3836224090629,-30.09584018271136
851,-30.094703834330474,-10.030142513523405,-498.1234183265411,-28.841666472773213
852,-29.907215626407265,-9.42685097129456,-516.5135428253126,-27.384189440108127
853,-29.46653825146618,-8.828487636230014,-534.3094978043655,-25.708671917592
854,-28.753599855795738,-8.228247615251131,-551.211152640717,-23.842901965515697
855,-27.794938591177385,-7.62396082909001,-566.882865276739,-21.817816231752733
856,-26.61442701271826,-7.014010843703954,-580.9995877442035,-19.650207499648605
857,-25.225884986487525,-6.395101597124405,-593.2572888769153,-17.35738117620168
858,-23.669948118581264,-5.773567254439766,-603.333687281835,-14.978292212869603
859,-22.04278803487637,-5.170197160591883,-610.8762742331871,-12.565410727073496
860,-20.458993349771003,-4.609082913652478,-615.5383803748553,-10.164390226577918
861,-18.97083389014186,-4.102213949551298,-617.0141562230751,-7.811244578101484
862,-17.55280544502521,-3.6459335729597413,-615.0606318627981,-5.529479509864531
863,-16.152440409075577,-3.2273461281518605,-609.5103367639563,-3.3171339680850265
864,-14.716320912270644,-2.8281009595743765,-600.2706706807079,-1.1307250948861352
865,-13.194179996916017,-2.4253191330813872,-587.3160428641207,1.1098464746871848
866,-11.540012337783585,-1.9956444328217167,-570.6856268257269,3.4760988478989567
867,-9.712031484265033,-1.5223104810343722,-550.4673400144292,5.984681864379802
868,-7.696222126406971,-0.9983129492564917,-526.7716300488136,8.603339973001376
869,-5.526014274603856,-0.42479616715128804,-499.7499967637168,11.28895263940715
870,-3.2620721435274973,0.1918202312511915,-469.62509218622813,13.99614305693276
871,-0.955362751399793,0.8432786433221948,-436.6717154911314,16.669484909332617
872,1.3692053853671728,1.5201972713495135,-401.18070209043873,19.253746784538713
873,3.699507601169695,2.2105991052994316,-363.44724757013626,21.707936376798067
874,6.0251371197638335,2.904977436734394,-323.8048780711841,24.01358133565477
875,8.34582688051717,3.6071331019906903,-282.6698694079942,26.172701266557304
876,10.681097648937458,4.333334099010305,-240.50008223297186,28.200400672531515
877,13.059751099118623,5.0976350564257285,-197.67829187174553,30.12476860402703
878,15.497004829363336,5.901853225667261,-154.42857043635559,31.985954999829996
879,17.98140042458308,6.737563686889997,-110.79818993296547,33.82149965797959
880,20.474449921135673,7.594839546571875,-66.66499660839577,35.644153459310026
881,22.931325329454,8.467884220039828,-21.740366063449247,37.433587384750204
882,25.330779784813107,9.355487735622644,24.42172546839725,39.14483163465752
883,27.679890276019922,10.26193158418795,72.37907663249734,40.72876321680311
884,29.990606326016362,11.198029787006579,122.71233331295518,42.15674297980731
885,32.26605971037275,12.179274082040772,175.9060463296653,43.42398896914845
886,34.4688880612048,13.187436756296783,229.63395913731756,44.53660107117092
887,36.6802538300474,14.281768761806678,288.38980485752586,45.51565779097537
888,38.90436209769808,15.465469465500679,353.1899625822218,46.37578613169426
889,41.086114039464746,16.704089528645486,422.58612316204375,47.123013037950365
890,43.1418944409673,17.942870365373047,493.60394098087994,47.758051775539236
891,44.994114924429674,19.119343915869294,562.5911341655957,48.282403512553536
892,46.58696946130707,20.171705965483074,625.9290939752376,48.700544665804806
893,47.881243883292065,21.048406346062873,680.5615106060646,49.01868068998542
894,48.85103288857595,21.71790375152228,724.3390581234063,49.24271219918038
895,49.49237360856633,22.17491895498083,756.2303856803181,49.37941784858973
896,-0.04087870395224785,-0.13706766297817513,12.580727908901999,-0.0003442928144176526
897,-0.006714424180490942,-0.2929827886934609,27.652831160580547,0.05210024106102874
898,0.0396625855888562,-0.5230859973041371,49.05981065118881,0.13475383972389593
899,0.08737841491219349,-0.8390199259200869,76.71666866839749,0.2399764135829453
900,0.11938549900704143,-1.2423120011674202,109.94562250780791,0.3506269761963412
901,0.11181435336279226,-1.7218502709892414,147.5156948067141,0.4393519811560488
902,0.04224477592337661,-2.25531980157724,187.78487480051567,0.4732428524591032
903,-0.09574988873836901,-2.811803099387695,228.9334466537519,0.42405980933203274
904,-0.291551821326216,-3.356971394817514,269.2714741902016,0.2741851746099102
905,-0.526442456657044,-3.8611384302162826,307.6338349090646,0.017608771835601
906,-0.780410500858162,-4.308630175821407,343.8723146682128,-0.3413468879033631
907,-1.0258614910456167,-4.6845750616349875,377.46680464467653,-0.7915549994727399
908,-1.231921188966662,-4.9825760762077005,407.9845362900419,-1.3186939272881846
909,-1.37947510049484,-5.206354431789277,435.0460262351174,-1.9084928630363898
910,-1.4739938840536213,-5.368677916305244,458.30578981166934,-2.547928145197232
911,-1.5434814219927042,-5.488008244046932,477.4964515677323,-3.2218834038968267
912,-1.623428793900096,-5.584962691797196,492.4766207979587,-3.911434312423648
913,-1.7432327089340043,-5.677705252475398,503.2468547821561,-4.600343393345646
914,-1.9249677089674513,-5.7779321002394965,509.94019978256347,-5.277223444785435
915,-2.185775554049401,-5.88839584311541,512.7615258908882,-5.929199271194253
916,-2.534697743429906,-6.005324391667213,511.9179891521118,-6.542065586669916
917,-2.9677402235724526,-6.125585747698973,507.5989144876461,-7.103543705042806
918,-3.467658478067186,-6.247917357234102,499.9827367078647,-7.602200983251731
919,-4.00664907305799,-6.371196706250636,489.23341925172076,-8.029841254852562
920,-4.562585134141609,-6.4975872033625315,475.4971607462252,-8.389420053543994
921,-5.135744052585514,-6.635180415622646,458.9330047182922,-8.696978000148622
922,-5.738048331476497,-6.795941469521001,439.75817999543176,-8.976591241014347
923,-6.378076079581441,-6.991730894593427,418.26389926918057,-9.254836890554685
924,-7.0579256796033905,-7.231508196028985,394.80930555720846,-9.554739605468217
925,-7.777254678599859,-7.522219976720409,369.8143060685668,-9.894406171327333
926,-8.537619861010613,-7.871224226616891,343.73874695104587,-10.284151219120362
927,-9.33405891391228,-8.284146822747175,317.0367086097631,-10.718735582935814
928,-10.141475584265617,-8.758210843288058,290.10626104346716,-11.17851684436804
929,-10.909662507019993,-9.276901315059664,263.26156431997526,-11.635436819233892
930,-11.580594109206327,-9.813932031090692,236.72329870975295,-12.056060009604062
931,-12.112256936023643,-10.34226213085527,210.6248688919575,-12.406783280423145
932,-12.48026879449342,-10.837258819074101,185.05153326551047,-12.661381243394615
933,-12.668446425877566,-11.279161957955884,160.08541960568925,-12.805381325920402
934,-12.665616836801055,-11.658902747208971,135.81721348298598,-12.837270566919138
935,-12.474768663273611,-11.977835167215941,112.34119917869533,-12.770924962536027
936,-12.125950719828284,-12.241372317139438,89.7445456355006,-12.634438346661268
937,-11.673548500772576,-12.454513795241386,68.0913104777379,-12.463084273423357
938,-11.171685621923674,-12.619979714912871,47.41915324231576,-12.288762738731366
939,-10.655350874467972,-12.738453805002193,27.746354227060248,-12.127474523843329
940,-10.151267592995293,-12.81014709277629,9.085227179788705,-11.975551907861869
941,-9.690003845541007,-12.835666616826355,-8.540412857464084,-11.818123505615155
942,-9.304878080209399,-12.8153970981362,-25.091207617883995,-11.639226153554777
943,-9.019075275317194,-12.746658905590731,-40.534003629611874,-11.431188122873206
944,-8.83234508061224,-12.624028819786785,-54.86952095789283,-11.202339434090756
945,-8.733063683298655,-12.445799467481761,-68.12982770730353,-10.971612472680574
946,-8.717708116649272,-12.217650476809464,-80.35609992033653,-10.761319042980265
947,-8.79216310790624,-11.948145327029883,-91.5864440500478,-10.600803606740246
948,-8.953647235475389,-11.642878069875742,-101.85751093654538,-10.525253852830021
949,-9.180246152136814,-11.305510465740811,-111.21129399125762,-10.566372277979754
950,-9.449823515591474,-10.941208085462195,-119.69757703510238,-10.744598708845533
951,-9.760572238233108,-10.555523232097835,-127.36342927744504,-11.06480385382417
952,-10.126924356250091,-10.154319200699437,-134.23881794308042,-11.514392191217881
953,-10.555530468269541,-9.746642111868443,-140.33498398922939,-12.06327790968459
954,-11.030185082922227,-9.34278609268077,-145.65506300756758,-12.670476976801766
955,-11.521052249921564,-8.949738609386404,-150.21800719849355,-13.297670591670261
956,-12.003028971805769,-8.569677875278378,-154.08739456391436,-13.919266942474408
957,-12.464786859847479,-8.199707638949238,-157.37850137257286,-14.52042253959665
958,-12.890648945776917,-7.831253985113065,-160.23589139441404,-15.085067174893892
959,-13.241989656506451,-7.450844141476695,-162.7968631394408,-15.588521617632889
960,-13.473735952959627,-7.044852478259129,-165.15725537183437,-16.001554005920006
961,-13.566440940685,-6.604741329950803,-167.35020495510892,-16.2996813941146
962,-13.533536443882094,-6.12760345911379,-169.36035427727137,-16.47143408888742
963,-13.398349746429469,-5.614971029081144,-171.1626824041244,-16.516229735507423
964,-13.178173397592463,-5.073648947270494,-172.74117272617522,-16.433899444406162
965,-12.888885873708114,-4.515317985013351,-174.08616370106176,-16.22240227432515
966,-12.556094297783709,-3.9530385857512447,-175.18992907209278,-15.884268474877539
967,-12.213704784579566,-3.3994330545240037,-176.051150182166,-15.428783571023395
968,-11.88301908680322,-2.867801287893391,-176.6859682825155,-14.868920620877113
969,-11.557090556712454,-2.370936850613358,-177.13351620963888,-14.218832120026404
970,-11.204719976126842,-1.9178726362705067,-177.4465804318359,-13.49355633173826
971,-10.794835061444168,-1.5133049721184364,-177.67832360943248,-12.707779149994177
972,-10.318711011410487,-1.1584014346673894,-177.87562380622728,-11.871184257538967
973,-9.782352731395317,-0.8504106454061875,-178.07191933658953,-10.988220635796894
974,-9.188797240674553,-0.5836610979774043,-178.2845013648573,-10.067428945947622
975,-8.535981098895398,-0.3525464074111447,-178.51892950033016,-9.128160786511481
976,-7.837173720206286,-0.15431298112921124,-178.7759820221782,-8.199497945031172
977,-7.132818882899883,0.0100898415181271,-179.05621574947656,-7.315913453034268
978,-6.467423726017947,0.137344777480188,-179.35259608685044,-6.504703849132215
979,-5.866057237254174,0.2233846254450793,-179.63979401063193,-5.771385921989106
980,-5.3324457703056805,0.2656409093188163,-179.87793446743078,-5.1002618138385305
981,-4.861728665204079,0.2654923752430829,-180.02808876741807,-4.46523209835333
982,-4.450830255750708,0.22885591702976588,-180.06706558167022,-3.837709897357408
983,-4.094719041647404,0.16541603829649418,-179.99647481226359,-3.1908901985263194
984,-3.7799098792289225,0.08746293717555628,-179.84103337743298,-2.5066161729674494
985,-3.487191048388527,0.009026667105333938,-179.6364462954586,-1.7867799948589627
986,-3.2040822321579063,-0.0559915547190036,-179.41858421387633,-1.0514643362030442
987,-2.9328157386383085,-0.09783196696260636,-179.21604938163858,-0.3242124780089206
988,-2.6832370645748007,-0.11310708430344538,-179.04000019690181,0.37425718374269257
989,-2.454900943832342,-0.1043219667041854,-178.87465955762687,1.0239110327610133
990,-2.2344582322175515,-0.07876650161942053,-178.6823171454964,1.6071282165977507
991,-2.0143769904576914,-0.04574827441121801,-178.41845756583018,2.1164760677788848
992,-1.8012635136971231,-0.013554710897328166,-178.04091534301932,2.555976828777529
993,-1.6093502844428829,0.011078130583884124,-177.51404016654487,2.933815392745176
994,-1.4477905744706472,0.02201833337483224,-176.81489019184454,3.2561386895954563
995,-1.3166504037026303,0.01387161977430679,-175.94262691942058,3.522111593610717
996,-1.2226055682198356,-0.01711172420296471,-174.91922545350002,3.7173279863855044
997,-1.1896896753260342,-0.07344462605928617,-173.77409594060993,3.8126315012720315
998,-1.250741996084327,-0.15627623935319507,-172.52860330713062,3.7725647474742727
999,-1.4275732465606632,-0.2633979128317524,-171.19658644266121,3.566683753152686
1000,-1.72001702721151,-0.3900819596829467,-169.79182679849396,3.1802724045180573
1001,-2.112352249868786,-0.5337267766028889,-168.3297231105999,2.62154989186593
1002,-2.5803702593684594,-0.6937797697755178,-166.82821213806724,1.9241223029833265
1003,-3.0932896273517647,-0.8666106533063718,-165.30471200017362,1.1403864460249111
1004,-3.6120048045375315,-1.0466732296232129,-163.7670131386095,0.32353800604441074
1005,-4.08816897540469,-1.231623558382605,-162.20533027680992,-0.4817006783289402
1006,-4.4706715457075905,-1.422651976186334,-160.589453912314,-1.2362193785968776
1007,-4.723522312384524,-1.6243502038819444,-158.87172383057919,-1.9107028503517278
1008,-4.843143800648551,-1.8466626515913256,-156.9929460226017,-2.494156251050502
1009,-4.847625114962096,-2.1019042967264703,-154.8950050697904,-2.9924987920517925
1010,-4.752094358661801,-2.398061269842378,-152.53653297529405,-3.4174400332112245
1011,-4.560895292943928,-2.7357629623051425,-149.9027804451091,-3.7788025885189174
1012,-4.280975415194036,-3.1090072355572214,-147.0036804897084,-4.083927612872376
1013,-3.9334379174811165,-3.5072453355963344,-143.86981270977378,-4.336762523895402
1014,-3.582327012654786,-3.9167681773169605,-140.66044296222012,-4.545531596389505
1015,-3.1755782155195824,-4.322600098848652,-137.2701943613439,-4.682017617728336
1016,-2.6896195129003178,-4.706710543935107,-133.733897503199,-4.729147179432985
1017,-2.13011652028948,-5.051693987480326,-130.16407048210746,-4.685699504543976
1018,-1.522806115161147,-5.341566192220555,-126.70354245075141,-4.564561348169298
1019,-0.9011049024327628,-5.565566507630591,-123.49222499875093,-4.38756543045461
1020,-0.30047657683608947,-5.724385033234195,-120.64604476336145,-4.182102769252295
1021,0.24321946002638745,-5.828632169797019,-118.25063313695533,-3.9769487063967066
1022,0.6958406105355369,-5.890498135047294,-116.36092433430422,-3.796569751034237
1023,1.031520829776211,-5.921157920164787,-114.9980827691352,-3.6579775620936816
1024,-0.22185702665200213,-0.2761873121883835,0.3410426523371937,-0.35088940712891403
1025,-0.44020170277742976,-0.6105093594251919,0.8525409027330106,-0.7497762505995734
1026,-0.7626784110022604,-1.0829979100331273,1.6220728553874744,-1.3156886616260695
1027,-1.1863624721893244,-1.6965779577538629,2.6605545306952747,-2.0496903735142076
1028,-1.7099700208976119,-2.4462622672712255,3.9564837813069085,-2.9447188767547314
1029,-2.3400700066199924,-3.3189173376740393,5.475498715651178,-3.9868812678382817
1030,-3.0848015449754644,-4.293917648433658,7.160973932908567,-5.154034326538984
1031,-3.942318981506819,-5.3457991019025535,8.94359861258402,-6.418969215426404
1032,-4.902481436902231,-6.4492532608648885,10.753471710505575,-7.757708930752033
1033,-5.961336844935146,-7.586126123337146,12.531526943833496,-9.157462780551354
1034,-7.128565506353284,-8.754664606240143,14.243946260382426,-10.624843303054819
1035,-8.388459498808627,-9.940895425409598,15.84051788247474,-12.145119603219522
1036,-9.707605938892529,-11.128192490808004,17.265996940837862,-13.697039497183962
1037,-11.049102879335745,-12.29740789102778,18.470590120557752,-15.256142279459992
1038,-12.386099324589386,-13.429250146888048,19.422400490818728,-16.795430887299727
1039,-13.6957525306929,-14.50740088675346,20.10726571090853,-18.28684437835484
1040,-14.939504230918807,-15.520657393255862,20.52400128694911,-19.701166202940602
1041,-16.066540532409423,-16.464103898645146,20.683154947447115,-21.00626562780022
1042,-17.0450779769065,-17.336961634206173,20.60948370779941,-22.170726738605772
1043,-17.879864720816556,-18.138721479163117,20.342012566908746,-23.171804395937563
1044,-18.60068896434152,-18.8677757975498,19.924805926218095,-23.998904393791065
1045,-19.238874840267947,-19.521548690627593,19.393378830400312,-24.649093140131715
1046,-19.814085114200715,-20.097215803550032,18.769554609260755,-25.124826061330555
1047,-20.339668139553595,-20.59237208891376,18.064087394324243,-25.437165373395423
1048,-20.832395836272983,-21.00489459061636,17.27809100337219,-25.604644854198064
1049,-21.31182591742811,-21.33272463133691,16.407310018664475,-25.647209084582236
1050,-21.78357524480039,-21.57473003551234,15.448531033422414,-25.584435160275117
1051,-22.228755557071672,-21.732734923165015,14.401870355011363,-25.433584449154402
1052,-22.614436583864297,-21.811065230723198,13.271277864920716,-25.20168712487259
1053,-22.910294193421585,-21.813491665242516,12.0631164435693,-24.881905851843516
1054,-23.102477928034745,-21.742640485981333,10.78362203168439,-24.458639984876353
1055,-23.190383910569576,-21.601131071705904,9.439368974599528,-23.91791543931946
1056,-23.17406907734261,-21.391475145200204,8.040233617197416,-23.256056409244792
1057,-23.052556035008156,-21.115034866996897,6.599443062694327,-22.47923261827809
1058,-22.827907901463817,-20.76974587697898,5.12862567373618,-21.598806598825117
1059,-22.509287540125676,-20.347981292323066,3.6361804991013154,-20.630796784588387
1060,-22.111342209959897,-19.838039283033254,2.131852246287484,-19.594420425496562
1061,-21.64720676408821,-19.22977321593407,0.6327570638957475,-18.507283954508356
1062,-21.1271359689292,-18.519041833097905,-0.8337191748196638,-17.386042194875333
1063,-20.559552725186208,-17.709964664288158,-2.2333733715514743,-16.252568779807767
1064,-19.944973676249628,-16.817376132867246,-3.5334040546447367,-15.138315228122245
1065,-19.267627573541596,-15.86582413152047,-4.709883267356457,-14.082550704633524
1066,-18.497435945303398,-14.884729582098212,-5.754138813073544,-13.122862204644525
1067,-17.60316275450672,-13.90364661692069,-6.675351088948744,-12.28331697691441
1068,-16.56595305679566,-12.948526608298044,-7.491168451475501,-11.572156061762492
1069,-15.379294742252094,-12.038259246588133,-8.215605540241954,-10.988794108113447
1070,-14.045020237122586,-11.182249151404518,-8.856067447375196,-10.526172044125895
1071,-12.56438234963988,-10.379589905252345,-9.41911607292252,-10.16512355587682
1072,-10.924302958760233,-9.619818476330481,-9.91926155437516,-9.869583068147149
1073,-9.120339432337971,-8.886899964694157,-10.378445256647383,-9.591533974697532
1074,-7.188126502820633,-8.166682479734698,-10.814324729314341,-9.28569055310152
1075,-5.200326238384923,-7.453361917792518,-11.230520997403069,-8.922319024888493
1076,-3.24165127784907,-6.749946290418075,-11.620366112544394,-8.492514766018267
1077,-1.378207840378221,-6.065757774600915,-11.978658423844632,-8.009106640583143
1078,0.33857550201785486,-5.414886784710163,-12.306064731474303,-7.504924322954518
1079,1.8445725693041455,-4.810569911080988,-12.60670198525015,-7.025366615021193
1080,3.0655162385100256,-4.258118091329837,-12.885671208527045,-6.614519745503687
1081,3.9453059504097046,-3.753757781606431,-13.144455571709493,-6.301766054675092
1082,4.471697955216334,-3.2887076842779157,-13.37377323905505,-6.0943442910663945
1083,4.674783401421193,-2.8555930479357294,-13.550548536960363,-5.980241186877035
1084,4.601957758149744,-2.4498086542069077,-13.646241991333218,-5.9384370209575685
1085,4.296996552503484,-2.0662543830210365,-13.643137955518714,-5.9454517022202396
1086,3.801247842900046,-1.6999852265017246,-13.546694577775487,-5.977319387397424
1087,3.1668382813760356,-1.350654393468591,-13.384263151063154,-6.012559917912288
1088,2.4463788532079613,-1.024829456356569,-13.192763936995306,-6.0362912082127345
1089,1.6613748177127494,-0.7341813153611979,-13.00617844275045,-6.046356211629852
1090,0.8027748239973195,-0.4933933540406787,-12.847965013678033,-6.057062406921298
1091,-0.12878483356567497,-0.3175797279249988,-12.730199885708993,-6.089212233059531
1092,-1.106306836512049,-0.21670085859826965,-12.65928767481247,-6.155183275995754
1093,-2.097704479233835,-0.1919280065274482,-12.640085724367188,-6.253960485206278
1094,-3.086290992994625,-0.2365486939444685,-12.671228458054983,-6.372131146587961
1095,-4.066782836558853,-0.33656224380591526,-12.741591225901324,-6.4867143527083515
1096,-5.019344753393729,-0.47254393212425566,-12.835281656193713,-6.569126409458376
1097,-5.904295125009557,-0.6256488970560609,-12.938539327867396,-6.591946331561785
1098,-6.690833183524189,-0.7796505840070189,-13.043480537858146,-6.540084456991464
1099,-7.378495666354549,-0.9182486214264634,-13.149138680026457,-6.415460611117578
1100,-7.988767042633556,-1.0259184282245284,-13.261532196896447,-6.232814986001918
1101,-8.535209982233187,-1.0915210130827275,-13.39072032733581,-6.0117118963967915
1102,-9.006813983609273,-1.1130661541519458,-13.543010823886007,-5.767904033210972
1103,-9.382468352207587,-1.0990206631775576,-13.716756662124597,-5.508687228022466
1104,-9.65751761154558,-1.0625217234508835,-13.90487297762426,-5.235335537945811
1105,-9.849288630767242,-1.0143582646457694,-14.099850339049661,-4.949462161323884
1106,-9.972369239012648,-0.958596043813294,-14.304932952416477,-4.65106251804506
1107,-10.026666189373062,-0.8928530643361553,-14.540945465088786,-4.332092449093372
1108,-10.007395776551597,-0.811239437119816,-14.836727248972194,-3.9782703617837045
1109,-9.910237795752664,-0.7069209121216213,-15.212257881473207,-3.5774272985257243
1110,-9.725488001134755,-0.5750756319658545,-15.665385782138438,-3.1237116269772156
1111,-9.428076337273131,-0.4150591294744714,-16.169868366221568,-2.6124428631051715
1112,-8.981648987946093,-0.2295903831428776,-16.6850666221375,-2.0350388326648137
1113,-8.354720893165382,-0.022210762312091903,-17.16595117327611,-1.3824956539953615
1114,-7.531571883848454,0.20442730842811005,-17.56939071543509,-0.6504458531848419
1115,-6.510496111183221,0.44817500044079883,-17.85919561145928,0.15960680366650054
1116,-5.2936405245828135,0.7051168704617288,-18.011078320543177,1.0364555532062032
1117,-3.886330786683552,0.9693188060754394,-18.014346210271803,1.954201562951933
1118,-2.3106343303528485,1.2362041354947015,-17.872555548086794,2.8751666228674004
1119,-0.6104955832054992,1.5050208085855856,-17.60883078601835,3.7579858721157895
1120,1.1669414225602688,1.7785590465265697,-17.26681675268613,4.565495846678594
1121,2.986609461563605,2.0581545224954714,-16.90041263528114,5.271867496325886
1122,4.819802929877669,2.336404614392584,-16.55498376224823,5.867357256134642
1123,6.635330393170503,2.5967586672671685,-16.250368723461253,6.356271369482774
1124,8.399321242367574,2.8197238086636047,-15.979943205157085,6.749547399464678
1125,10.08270573645716,2.9892099812454545,-15.725272250259556,7.058517182855655
1126,11.659892883380701,3.0958040453185927,-15.469652638222907,7.2895420381996985
1127,13.097468588003075,3.1398066294373392,-15.202616589427606,7.440259279568427
1128,14.355239608180039,3.133613881658084,-14.922018760771058,7.498389448118367
1129,15.398160098420309,3.095165050627441,-14.633381705584627,7.440983604686385
1130,16.205494052803964,3.0365267554141258,-14.34533318729428,7.2440124268472434
1131,16.772641153268026,2.95992021806835,-14.069339226922725,6.900301061924963
1132,17.106774908267116,2.8594813834377075,-13.823480750379197,6.4213121892046985
1133,17.22501966020602,2.723832541034362,-13.630946648850472,5.828112633279336
1134,17.147020333118874,2.5395939790587208,-13.511749729163903,5.1469978305835395
1135,16.879870422357985,2.2941607628139025,-13.475311278051908,4.405297241656956
1136,16.413489730404965,1.9788584288794115,-13.514780023000187,3.6266222102802486
1137,15.726480371353203,1.594091219913909,-13.605830461640913,2.8290612317937383
1138,14.803322822429323,1.1526417773839854,-13.715472094671133,2.027720256396919
1139,13.65322104182026,0.6781148432753981,-13.81317486658056,1.2328214724699196
1140,12.301408116567147,0.19895387749532117,-13.87924647377249,0.443115825855326
1141,10.768260013411384,-0.25732985188362956,-13.904733414747048,-0.35014202960594304
1142,9.100832629466518,-0.6783270078955116,-13.896211745373204,-1.1457371560546177
1143,7.276436144758396,-1.0286682535603566,-13.835367436534106,-1.9492652035941804
1144,5.3479951371445305,-1.291255358497372,-13.719204418403953,-2.7422708574918304
1145,3.4118480760079017,-1.4673340010169944,-13.556745721305619,-3.4933898497599274
1146,1.5715457480446708,-1.5694589782985748,-13.365516346659406,-4.168973960504155
1147,-0.08540489698486056,-1.612528234434499,-13.167333322279,-4.74268002868813
1148,-1.4966046504395778,-1.610806765180794,-12.982903357118524,-5.203738051818646
1149,-2.627677481178828,-1.5780685162715113,-12.82608230547143,-5.555670561724972
1150,-3.4717699666293993,-1.5262599135531132,-12.702136914697105,-5.805963940298979
1151,-4.045496644140508,-1.4660535553817762,-12.611045641300818,-5.963721370497777
1152,-0.36452584391999243,-0.2890576621207154,-0.3618586584101189,-0.38754643866011207
1153,-0.7268658643687123,-0.6723075383962877,-0.8518799526747117,-0.8564529301513604
1154,-1.240764808440002,-1.2352818700183557,-1.5856481012352885,-1.5395450008539737
1155,-1.8939224001067352,-1.9856322607728902,-2.5667346800539557,-2.436088646019927
1156,-2.666489294344143,-2.9163387730029675,-3.765484236344368,-3.52417350100393
1157,-3.533424277407932,-4.0054235394703275,-5.1272742390249375,-4.760808686737295
1158,-4.4586601867795785,-5.2159634970267925,-6.584529094814201,-6.082091001793911
1159,-5.396796044102775,-6.501620967463593,-8.065203010917793,-7.411720963789408
1160,-6.308481379734707,-7.817074462801164,-9.498967990114252,-8.67621274437565
1161,-7.183501206105977,-9.130132154425736,-10.831181169672647,-9.8244433945499
1162,-8.051633515598294,-10.436363502799505,-12.044629793552012,-10.849955595756729
1163,-8.915615620364667,-11.72660377544496,-13.12134916103212,-11.741905827328917
1164,-9.757873156041725,-12.995034330867277,-14.059164229017263,-12.49570529335234
1165,-10.564337393875727,-14.233297061984906,-14.869990598778104,-13.114031496584431
1166,-11.337236051232068,-15.428285457243607,-15.574189405468651,-13.605608769301687
1167,-12.080067018392779,-16.564480410610972,-16.1913614089064,-13.977577586959674
1168,-12.781279195007029,-17.625941892299664,-16.73460598783933,-14.225311747012595
1169,-13.408937862284583,-18.596852402285695,-17.21130139524271,-14.335640620954237
1170,-13.933352699976032,-19.461160583898153,-17.625981850359462,-14.303099156999645
1171,-14.346816133702605,-20.20245998350082,-17.98379987276717,-14.133099260729479
1172,-14.657423590189982,-20.805846875494183,-18.289374013935685,-13.835918356447065
1173,-14.876453666590695,-21.25950797325573,-18.54025229847414,-13.428085572486534
1174,-15.008836979439403,-21.555445083749056,-18.724321490465336,-12.938964755480663
1175,-15.064729007461805,-21.69238633505486,-18.825919993257415,-12.415882333767499
1176,-15.072144225007456,-21.67664322359761,-18.83525553247439,-11.91922616007084
1177,-15.065154188533118,-21.518723782289268,-18.755649757722725,-11.508120118191698
1178,-15.064576928403365,-21.231682097705622,-18.603320110169356,-11.227701662908629
1179,-15.082278538294043,-20.830660267479793,-18.400684099774832,-11.103160178578236
1180,-15.1467103960128,-20.332684092329778,-18.172655789562523,-11.142159602117092
1181,-15.301166503738042,-19.75872056015125,-17.945762884864017,-11.343755304643711
1182,-15.574789799607352,-19.133707036046367,-17.74400577605025,-11.702906604831991
1183,-15.959027155660388,-18.481447179722743,-17.583346903323733,-12.207886287791524
1184,-16.40783958190566,-17.819932236424858,-17.472157029158208,-12.839711568825836
1185,-16.85792882909561,-17.162044499127486,-17.41489403866257,-13.576368817218345
1186,-17.247285835855898,-16.51770588949261,-17.410348243448517,-14.396239305109772
1187,-17.51701703768929,-15.893502079018914,-17.45293217953203,-15.27680727129846
1188,-17.60198062332232,-15.29078478252844,-17.5423755664724,-16.192215050142288
1189,-17.440320789340692,-14.705341042986905,-17.68666958165133,-17.112161224799724
1190,-16.997134961603322,-14.130149583411402,-17.89589568843264,-18.003781145258
1191,-16.274791997379445,-13.558833550445645,-18.173790605670533,-18.83667284088323
1192,-15.301130909846938,-12.988058255816833,-18.511351726075688,-19.58333610978988
1193,-14.10984485766047,-12.418537636316342,-18.88841906925688,-20.217574031587265
1194,-12.739168891257622,-11.85422803683085,-19.27591911009647,-20.716577855584294
1195,-11.234862784394196,-11.30022783619293,-19.634052348266504,-21.061264258858376
1196,-9.646158232159703,-10.76130066013598,-19.916502091656962,-21.23845673664957
1197,-8.02517082406256,-10.240985622563606,-20.081637519160996,-21.247946705001482
1198,-6.423664410656676,-9.739158229904831,-20.10329586946035,-21.097668185264222
1199,-4.885777844487875,-9.250432324183423,-19.978628654422792,-20.788589263498423
1200,-3.4387723016528216,-8.767775286154874,-19.7297032974426,-20.31185122056048
1201,-2.0949383650640963,-8.28740103142295,-19.394563174375552,-19.6563472108164
1202,-0.8642328210053061,-7.807711259608697,-19.015008515463965,-18.81311593413983
1203,0.2408239583145457,-7.326963428176971,-18.633000326113525,-17.778851370353102
1204,1.2102683972549264,-6.8457938792249,-18.289710433339227,-16.562213697195272
1205,2.046776406909753,-6.370081094884593,-18.017107016602832,-15.186652782324861
1206,2.7631354887719657,-5.911549911942263,-17.830250636011638,-13.68720975317845
1207,3.367167085400922,-5.483810929472803,-17.72830933155021,-12.104474714401844
1208,3.8567358291529032,-5.095238081350344,-17.69845796926789,-10.476305549086451
1209,4.226427036800593,-4.747311561679367,-17.717531158991285,-8.834545665916783
1210,4.4777397446079075,-4.437392720907247,-17.753627154709402,-7.207597721142922
1211,4.621901453215365,-4.161240713996378,-17.774634483261828,-5.618685628413924
1212,4.670285735218268,-3.9157485121797704,-17.76117437728797,-4.083479771947399
1213,4.629039636705485,-3.701595000254169,-17.70892594972191,-2.6097637119026587
1214,4.512507984529337,-3.523742277958647,-17.61980667876814,-1.194847835419157
1215,4.3523068884148435,-3.3899062999895317,-17.495893568376346,0.16822991173936203
1216,4.17483203177931,-3.3061545272702006,-17.339470349804316,1.4742691259884064
1217,3.982693438700771,-3.2701597153737034,-17.15441126690144,2.703922096269293
1218,3.767174939084759,-3.2686451313359592,-16.945102354389217,3.8381964042233903
1219,3.528810403236939,-3.282027656943071,-16.713108100220204,4.868437895314409
1220,3.2864344406920596,-3.2918220886794165,-16.45491544936001,5.793466983710605
1221,3.062108651776212,-3.283493286464483,-16.162460578488897,6.611970668030766
1222,2.8591217257628845,-3.2455096779308192,-15.82779399503814,7.320054068676993
1223,2.663077928122022,-3.1703033793904134,-15.449436313267114,7.912120299420728
1224,2.4627351714594936,-3.0578872768875076,-15.03634324550183,8.383272672716812
1225,2.2604158000253114,-2.920599969686468,-14.607532458137298,8.731915976119469
1226,2.059576152807355,-2.778879562518087,-14.187983521171502,8.961072249877443
1227,1.8536868169444398,-2.6482031478777555,-13.804812303053586,9.078808698414871
1228,1.6301545437513423,-2.534485775407569,-13.482999173729548,9.098089784202934
1229,1.3840434720171841,-2.4385802903132845,-13.237038320836717,9.036711987333474
1230,1.126653199565346,-2.359547468751462,-13.065998964649674,8.912454741726922
1231,0.8721220852111075,-2.2957741930328015,-12.957109868832516,8.735910368929574
1232,0.6169086358396775,-2.2472402715370454,-12.890873133712697,8.514606736421822
1233,0.34561278786533156,-2.2173668368502395,-12.84437440739054,8.265637820785653
1234,0.05454450003567775,-2.213433301114022,-12.794446962695163,8.013977967402072
1235,-0.24532273422715348,-2.2442748632024556,-12.722475873327994,7.777526769919785
1236,-0.5404508537497515,-2.315903577982212,-12.61947421734995,7.56185192303052
1237,-0.8219801022913877,-2.4309241082103936,-12.486581010492474,7.370661350330419
1238,-1.0866281102357742,-2.589812872651777,-12.332507431342261,7.219020565732536
1239,-1.3213322542949368,-2.7910773141526923,-12.169122442306875,7.130806122187142
1240,-1.4918454372557037,-3.0310627032431388,-12.003125812907621,7.128600920511116
1241,-1.5520115607773928,-3.303052769667977,-11.832450258575799,7.231184336001133
1242,-1.4642828930012806,-3.5961244746534886,-11.651155470191092,7.448135704587989
1243,-1.2191656754688163,-3.8981963708442593,-11.45446340732765,7.770990947013815
1244,-0.8296057486416124,-4.204397549036716,-11.238791471269952,8.172747787075153
1245,-0.31294283796616823,-4.51795338232068,-10.99908767270754,8.616534941050775
1246,0.3165291808083218,-4.839895363432934,-10.729928637134206,9.06658914528556
1247,1.0412876718712754,-5.160793392488119,-10.430140078371855,9.496502547210865
1248,1.8336925885840323,-5.461592321846154,-10.10464655607769,9.892109004132935
1249,2.6633369152006248,-5.719983329982552,-9.75861464779248,10.244340498991116
1250,3.5040685418741986,-5.915550511696359,-9.38663776099181,10.543569197803528
1251,4.3363581765413794,-6.032569489596724,-8.974491164542112,10.789926293851158
1252,5.147251779708176,-6.062228803337664,-8.515200959710338,11.004022368940216
1253,5.923031459184741,-6.00391933857646,-8.016387095724642,11.217531724045624
1254,6.645435802202949,-5.864425619419409,-7.491728872014226,11.455390514142412
1255,7.304469099931257,-5.654416058529758,-6.9502515765429775,11.728857535391992
1256,7.910545164645915,-5.386028020977301,-6.3937762585968185,12.037125838815246
1257,8.476599441814002,-5.072532268208247,-5.819149022528262,12.369920018123251
1258,8.999824613404245,-4.726217527937425,-5.215601634007062,12.70699479505279
1259,9.472295810268163,-4.356533017450509,-4.5604693402555805,13.01935451190573
1260,9.901074554115246,-3.9705338450353858,-3.825397156746096,13.27654894677904
1261,10.311873878796394,-3.5733982027817355,-2.9883757355513505,13.452572538319174
1262,10.725018719839237,-3.1702934854554132,-2.0401000862524707,13.527981945929596
1263,11.137717414203474,-2.770556321475935,-0.9851249395080075,13.493354445878508
1264,11.534329180230438,-2.3906223774335067,0.15784807912664514,13.352845420575344
1265,11.902113165061513,-2.0520582183699636,1.3553687056565402,13.124156561313912
1266,12.23271049490261,-1.775958470960292,2.559476611516048,12.835427192219942
1267,12.514153711053387,-1.5782942952242187,3.710921624886808,12.518741366990902
1268,12.728393537635721,-1.4667582318674086,4.752199622529348,12.199059646293799
1269,12.85966320081268,-1.4394260643650032,5.649452762540597,11.888886925130535
1270,12.91660521983186,-1.4706961026885461,6.408477337948254,11.583506028467353
1271,12.903071198155255,-1.57249180432179,7.028179656410838,11.31275682397892
1272,12.832797830496512,-1.7393474172923988,7.512688234943415,11.0946250040883
1273,12.71487916855906,-1.955480468769898,7.8717749622137205,10.935409017287757
1274,12.556890977805429,-2.2005402485510603,8.122098076400803,10.833121020124999
1275,12.37916661612222,-2.454194114002683,8.282968407983654,10.781019042487058
1276,12.210785086305306,-2.699605726299503,8.371809692995399,10.770652832214198
1277,12.071897774311372,-2.923220611992934,8.405477404265334,10.79365433675294
1278,11.966259257116038,-3.113602395146809,8.402061329278903,10.84098071246499
1279,11.887481475225142,-3.262420010321716,8.378499485386007,10.901440894460649
1280,0.03166906731691261,-0.5646679875749869,-0.6209086179643399,-0.0023975416177178382
1281,-0.0017125473066566428,-1.312308875314916,-1.3897857527903672,0.026677747464146973
1282,-0.0551985669403238,-2.4016769563198315,-2.5041490752943583,0.08314010689085334
1283,-0.10822385489687981,-3.8421669102317595,-3.9702111477391164,0.18318762595167842
1284,-0.14447430181005275,-5.612405134718102,-5.761428350365956,0.34578054791911095
1285,-0.1544837354728536,-7.661126085487057,-7.8218765431440875,0.5833208961981501
1286,-0.12419178324693823,-9.91265609897371,-10.073645519838058,0.8986362824121008
1287,-0.028486093296876056,-12.278565276168324,-12.426524281747922,1.2867394750936807
1288,0.15876632103331406,-14.676301429816991,-14.79499442172224,1.7364092241742708
1289,0.4466196149807849,-17.05200375697158,-17.12213187711565,2.2320822525023107
1290,0.822836759159477,-19.404050335746632,-19.40594484652065,2.7565804695312597
1291,1.264117522186198,-21.71836846088027,-21.63012513272979,3.294492756657582
1292,1.7496043319873462,-23.983168719683196,-23.78401569057529,3.8342284780589475
1293,2.2601117963273,-26.18236543880846,-25.854943722457147,4.368108402575431
1294,2.7677773198445754,-28.295042609611983,-27.82648582570971,4.891299745434624
1295,3.247034917038431,-30.298678404386706,-29.68204905582968,5.399253879959244
1296,3.6938311944927182,-32.171454869990384,-31.407600864192908,5.887521681076318
1297,4.121019339904247,-33.895016176446504,-32.989628027196346,6.354617858850923
1298,4.538353302817241,-35.45427412420952,-34.41204675113088,6.80280170302326
1299,4.949145662006592,-36.83430582959118,-35.65970915333164,7.236104510881853
1300,5.362783097639079,-38.02247537375092,-36.72154021647236,7.657765270945975
1301,5.79750818464582,-39.01322575206971,-37.588803325739896,8.071008984928518
1302,6.267583543859346,-39.80959440495431,-38.2581606119988,8.484106947298159
1303,6.76555876529178,-40.422614610922125,-38.73842428018754,8.906861306532637
1304,7.26118626182163,-40.86798874602669,-39.05077554371412,9.339543911540858
1305,7.7180098089519635,-41.160826636942595,-39.22218027517108,9.773464612687139
1306,8.108198721554402,-41.313723308989466,-39.27754139780285,10.19894575716891
1307,8.411745622377337,-41.33916180040008,-39.23552347737677,10.609096151976798
1308,8.605890925441255,-41.25267803950464,-39.108708812327016,10.997817835914478
1309,8.665193667194806,-41.0744303534933,-38.90707197242582,11.353711445004526
1310,8.573669466839247,-40.82922644977218,-38.643550075472724,11.664090424413862
1311,8.338641913452449,-40.54262653366017,-38.33515786128876,11.928758949565777
1312,7.9876176013560025,-40.23347682342953,-37.99599512920116,12.163942581745728
1313,7.547110509179972,-39.90913231871367,-37.63109135369544,12.393697269623432
1314,7.03185616735449,-39.56640380293074,-37.24177259748247,12.636964198555177
1315,6.445606446955027,-39.1966340295442,-36.83575966479926,12.900239360291684
1316,5.792741738496419,-38.79187720196387,-36.42960308157223,13.178110505146389
1317,5.1004263094833595,-38.34685603587852,-36.04482755507771,13.454414673274268
1318,4.414515774083038,-37.85812091902214,-35.70378321059464,13.705804067029364
1319,3.7721197677509553,-37.326999772569735,-35.424607181738914,13.901607934239287
1320,3.1867258518686805,-36.76265953053158,-35.21639522632395,13.999529060345148
1321,2.6563989415806906,-36.179894145201004,-35.08039214213372,13.95839921067006
1322,2.1812992273877607,-35.59467975613516,-35.01336263259951,13.756981850896373
1323,1.7669533339207757,-35.02103414342567,-35.00692365720823,13.394193786004532
1324,1.4175193397712986,-34.46862601745019,-35.04537274524144,12.8845062771393
1325,1.1321754874675884,-33.94135250780548,-35.10439698008998,12.257413756030017
1326,0.9041200979206545,-33.436591172746596,-35.152464321987715,11.55449708585881
1327,0.721303547658186,-32.94563775794223,-35.15548247383047,10.821704442247501
1328,0.568632762182368,-32.45718517264548,-35.0821981267357,10.097476876987693
1329,0.4314051497509817,-31.961126512744652,-34.90901095751249,9.408990792607469
1330,0.2997461156152587,-31.45017825925326,-34.62460741414889,8.776526344061242
1331,0.17280881809872323,-30.920089162107903,-34.228592707426834,8.212653550340457
1332,0.056027770760737276,-30.367573608856652,-33.72587558236913,7.719431547903266
1333,-0.051848672068172875,-29.788907085000513,-33.12689268922213,7.2900178979893795
1334,-0.16938690277321042,-29.18172264885791,-32.44758795964346,6.912641988626304
1335,-0.32291002933291285,-28.54443509608369,-31.706553343270432,6.575203939366098
1336,-0.5229242306374265,-27.87222526440778,-30.922573645259572,6.270277921229304
1337,-0.7591141936238444,-27.15469987748315,-30.108024746155785,5.999421532174802
1338,-1.0148006408329817,-26.379334199835903,-29.26276274074587,5.769018565604819
1339,-1.278636084108638,-25.538213916354533,-28.377688987345607,5.580557185659696
1340,-1.545005694301519,-24.629733907463848,-27.4415203219217,5.433073937122909
1341,-1.8003012004944678,-23.654538983816874,-26.442060219727626,5.331665382292599
1342,-2.0137478601758385,-22.613851652598527,-25.36805093767447,5.282114144380056
1343,-2.1421356416736637,-21.510918047867086,-24.21312678755202,5.281614574077107
1344,-2.1389566781671805,-20.350334740288222,-22.977277818654184,5.318852537482179
1345,-1.9646988147590365,-19.136282962977887,-21.66982817202169,5.377308663682751
1346,-1.5953594696720468,-17.872849002282237,-20.312556449196496,5.442558760044094
1347,-1.0223239353121776,-16.565764508249984,-18.936725594392954,5.510894164217873
1348,-0.24484004048623803,-15.222492383340308,-17.577967864345688,5.590526990867904
1349,0.7281879689185757,-13.849130033453177,-16.272586344839365,5.694997042564998
1350,1.8685296541416951,-12.447260530772075,-15.05053454890035,5.831893189429976
1351,3.126362954551981,-11.01632753734201,-13.928765005193076,5.999091367814749
1352,4.441871031996579,-9.56079559833822,-12.910646250395155,6.189746019904573
1353,5.767373725231342,-8.093417796492645,-11.987625527650836,6.391975336902467
1354,7.069979352185778,-6.6320322918346735,-11.144153497583922,6.58456951481489
1355,8.313565320920512,-5.195769962461788,-10.364348567166513,6.7389016894711915
1356,9.458707181563108,-3.8016219299491336,-9.633910523675553,6.826879194803622
1357,10.48256573909843,-2.462699909857241,-8.940052864838119,6.83139016458564
1358,11.389593193511736,-1.1901788954822652,-8.275205227265024,6.7551000597192905
1359,12.198455417284698,0.005431370474119068,-7.637938741958292,6.621519649214545
1360,12.921809792108402,1.115735097395621,-7.0270550174906905,6.464520964064841
1361,13.553628126211882,2.1349797339584837,-6.438476379679792,6.308005512387562
1362,14.075711354022994,3.0592116161312624,-5.8674756723793875,6.154731740297756
1363,14.476876842472194,3.8860444972558668,-5.310233681894874,5.990205347337873
1364,14.752251215742383,4.612906550124911,-4.764552503642759,5.78461410457538
1365,14.888943903566604,5.237719206169421,-4.231944847721814,5.495828656708401
1366,14.868752526093314,5.762752855187727,-3.7166734393677845,5.081161159212615
1367,14.681956234951842,6.193364248193974,-3.2231117310969517,4.512446129566059
1368,14.335409451939068,6.536731060029066,-2.7566540618883666,3.780945741149493
1369,13.85787363228629,6.805583257079189,-2.3220544088817676,2.889317612802402
1370,13.290004651212426,7.0143874580505425,-1.9185716027937332,1.8513053912067066
1371,12.664845809632066,7.168654503992611,-1.5374180111854998,0.6954736127467193
1372,12.012829810422256,7.2643875920477985,-1.1604345859377796,-0.5342488786902277
1373,11.37511618681284,7.2973573925769175,-0.7635098545116383,-1.7720702476834367
1374,10.787919755366838,7.26483181580725,-0.3270275265336431,-2.951590664381516
1375,10.247317926973407,7.15927423501174,0.16423226645855293,-4.048165223618303
1376,9.696354385057191,6.971816378146048,0.7327364260870324,-5.077500544324921
1377,9.069611657235198,6.704011999482356,1.406848446465242,-6.065336853965994
1378,8.358478905274664,6.377056606857061,2.201381972263594,-7.02233541063202
1379,7.626283957720082,6.0350621079002895,3.0936525841490896,-7.930179946591804
1380,6.9545302608295625,5.732194520168905,4.035408098827415,-8.750850906735522
1381,6.381068520405959,5.511827244087583,4.996432097926023,-9.440647990391911
1382,5.910124201237073,5.396282953623778,5.9786561975638675,-9.95233023260358
1383,5.550211080492165,5.385490187923763,6.997080443997661,-10.238651690655235
1384,5.3160954233697195,5.466080592165859,8.060377938739803,-10.25822909525363
1385,5.2145315764602715,5.622954798892617,9.152847325455566,-9.97544017631791
1386,5.235994447454009,5.8398347350094575,10.231651998184475,-9.363303091933629
1387,5.36031467469518,6.095683990504136,11.251933860545623,-8.421285115210484
1388,5.572328255400948,6.372348139365896,12.180098605940762,-7.193517434972558
1389,5.8656923888832875,6.666421571202028,12.984101390144822,-5.766375832544752
1390,6.225832942045105,6.987473603112631,13.612210569632417,-4.256359322048846
1391,6.624088427739509,7.348996589243468,13.986892129355738,-2.791352612039446
1392,7.032252978446231,7.761739348525879,14.004797617223081,-1.485909269760775
1393,7.431712982247081,8.226678330714753,13.487658973720203,-0.4274770169711142
1394,7.7984843011096725,8.72521823269829,12.141627030078597,0.3270619200483421
1395,8.063050826773674,9.219222376396285,9.585244570182399,0.7520237155890159
1396,8.106635384113147,9.661648966666018,5.409843417154851,0.8355365399591961
1397,7.824000904966879,10.013026350340208,-0.7680582155317222,0.5611155732658264
1398,7.264143016616449,10.280968236977758,-8.376577547645308,-0.007956098533624223
1399,6.318158175770926,10.44675384431064,-19.14417432367944,-0.9873185398470823
1400,4.981586714535042,10.511158131502377,-33.562781029551715,-2.3756312972698845
1401,3.3167498141590337,10.485812671093118,-51.18321369624769,-4.094640587520248
1402,1.4463906083333185,10.389788754517081,-70.92134635654006,-6.0214035000208845
1403,-0.47497880330554676,10.24931029571119,-91.3492260462319,-8.0127890528703
1404,-2.2975898102815613,10.095096034996558,-110.97253168592468,-9.923329727367957
1405,-3.8998754380430927,9.953446896834695,-128.46282419529183,-11.625757513288338
1406,-5.201789003697519,9.835592903255312,-142.8132290919465,-13.030121946119124
1407,-6.1685501754058185,9.738949530905831,-153.44429696090887,-14.088766585053069
1408,-0.023220771774658963,-0.8302440281305994,-6.533377972065436,0.09295598597266713
1409,-0.18204231676897673,-1.840409789149116,-15.220618021963244,-0.025718586925959935
1410,-0.43374224821575674,-3.2894185230779778,-28.167048345938372,-0.28868860555774356
1411,-0.7770420783034165,-5.179185117268876,-45.695817731620366,-0.7350541932748
1412,-1.2099323845217391,-7.468705714870975,-67.80441164900486,-1.3850535625915443
1413,-1.731500713162353,-10.0782747464976,-94.14872012940633,-2.220517186568519
1414,-2.3409128214024504,-12.901329571852708,-124.05905889947594,-3.190589790223138
1415,-3.039551639293408,-15.82019719729388,-156.62578232539946,-4.2386529246797195
1416,-3.8340650510053353,-18.726260719845058,-190.87277191751608,-5.319274863188235
1417,-4.73419727776867,-21.546564903347605,-225.98891481199277,-6.405443591734154
1418,-5.753304694547345,-24.277480436921365,-261.61703070650486,-7.490418803806717
1419,-6.895618293744789,-26.891424810810857,-297.1077433842694,-8.580218172696975
1420,-8.146687549488329,-29.366783753480945,-331.83578253070635,-9.674756072419587
1421,-9.472010650462238,-31.6818803670761,-365.22594380682074,-10.745224351620818
1422,-10.8285256253956,-33.81229388373559,-396.7408114399989,-11.73437398048477
1423,-12.178001432209976,-35.740275497157484,-425.86005015239135,-12.580867381310846
1424,-13.489703975225757,-37.45897323579221,-452.10124623378533,-13.238077400554847
1425,-14.72837982896388,-38.96398515695154,-475.06663692702654,-13.681536246381247
1426,-15.857368609141625,-40.24657069941858,-494.45754102296337,-13.907242751832266
1427,-16.85406174548232,-41.29312185427894,-510.05942293719363,-13.929311063821029
1428,-17.710031784031887,-42.087917548086395,-521.7313687654057,-13.78266308910063
1429,-18.41903745444935,-42.61712326550342,-529.4004265080104,-13.518319290159516
1430,-18.96269472372287,-42.871438583541575,-533.0599956792057,-13.191488222361095
1431,-19.312633242700333,-42.847661958629786,-532.7731921242563,-12.840964805511197
1432,-19.446884263786217,-42.55100594204176,-528.6638732888501,-12.465127828891534
1433,-19.350936142664736,-41.99578647219017,-520.8957152642613,-12.02668434153635
1434,-19.011245273299508,-41.201350061099156,-509.66534013933335,-11.47572090157877
1435,-18.41677166080374,-40.18767838247901,-495.21048956741447,-10.763456607627168
1436,-17.567369650729162,-38.97484502092031,-477.7975157083047,-9.856009423351193
1437,-16.48696779930512,-37.5833875463356,-457.6980482422059,-8.748367246848037
1438,-15.215866119623078,-36.03230445572246,-435.1699600489238,-7.471474188777268
1439,-13.778728133956534,-34.33500148677209,-410.4110009252906,-6.079798271295215
1440,-12.173393136491718,-32.49493389236977,-383.4963073725835,-4.6231560970306855
1441,-10.399961196036134,-30.510127085876512,-354.3512574149722,-3.1371765350606413
1442,-8.491979397278554,-28.386170974656675,-322.8112578470352,-1.647562843483654
1443,-6.508144638681589,-26.1409195886848,-288.7140538354202,-0.16602479974366352
1444,-4.4929258902796425,-23.800303679519278,-251.9169987128073,1.3142094608350918
1445,-2.4544229402316033,-21.39591679969759,-212.28520660311878,2.814301482285357
1446,-0.386553267982823,-18.963334390228738,-169.71957895587315,4.35542583719889
1447,1.699409209512465,-16.536418135597806,-124.19805858275973,5.943058631197478
1448,3.7747504114458983,-14.141950952932635,-75.79701584893931,7.563088753443492
1449,5.817032310076199,-11.797457682597095,-24.70795681464739,9.189411337587451
1450,7.818296644753388,-9.510337869160736,28.73413296221336,10.796573634153159
1451,9.769137708829298,-7.280259088508171,84.03948603728328,12.368694510924152
1452,11.646617315829715,-5.104926956870768,140.57907468849967,13.889245111101276
1453,13.412094191127238,-2.9858864256284527,197.62373952536464,15.323870737305548
1454,15.023453369512765,-0.933632680831219,254.40832546447803,16.622381580891492
1455,16.45298149613555,1.0308837197882668,310.1754779166216,17.735744636965634
1456,17.692552706968318,2.882016607933668,364.1612505212156,18.629356323817284
1457,18.74543037937515,4.597952824944734,415.5765567025786,19.282297971113795
1458,19.614572750597805,6.16501356126472,463.6680318990349,19.681485180917942
1459,20.311086125967844,7.577394503132496,507.8379540414518,19.820518706908114
1460,20.862680543261423,8.83728275043904,547.710105431132,19.705444592193025
1461,21.301215712228302,9.955460365676709,583.0826052775369,19.36275867915696
1462,21.648048275010925,10.95023676962203,613.8472942477803,18.838474947139595
1463,21.91186428001945,11.846402171499047,639.9586601227231,18.19039343934049
1464,22.10475391505767,12.672042784063034,661.4204001171369,17.477385296279486
1465,22.249390761305595,13.4515947905441,678.2771042882183,16.751442979759457
1466,22.366221238230136,14.201514193440222,690.6308536817645,16.055772201240504
1467,22.462034357027022,14.929120806164931,698.6501925503812,15.416257319952006
1468,22.528324665741625,15.632124450055594,702.5485496291387,14.829798619539192
1469,22.553459896099834,16.301278471918952,702.5622335069048,14.269045174858887
1470,22.535392931035446,16.923601547419914,698.9528042145613,13.700373871991442
1471,22.475427870454176,17.486673499275376,692.0048513774908,13.093066786785538
1472,22.356936697815403,17.98321268578335,682.016660499929,12.417941814309707
1473,22.137891847851527,18.40877975999238,669.3146749313458,11.650108737924691
1474,21.771862025645817,18.756157974441884,654.2600164882896,10.777303255025553
1475,21.236572022488563,19.014851047632998,637.2177498816613,9.80700850365607
1476,20.54090006785755,19.176157739552323,618.5146186034533,8.767114267167427
1477,19.70329507839939,19.237946548032895,598.4191484962284,7.696322950152708
1478,18.734777214472523,19.205204731512794,577.1557436624254,6.628524013715053
1479,17.648699690920736,19.089029993882964,554.9273381931689,5.588680941533746
1480,16.479040844863235,18.905803711901598,531.9224958312983,4.599938222270923
1481,15.279386322001585,18.6740118539288,508.3134165159699,3.6820150777796954
1482,14.097907489344689,18.409644932210544,484.2541861833425,2.8443625570948927
1483,12.957148355979182,18.12369851914576,459.8757416429,2.0838429278284636
1484,11.861098614612633,17.821708824777367,435.3035501374516,1.390320022787471
1485,10.812595745611329,17.505342778428393,410.69511119826456,0.757671968584049
1486,9.815841589233461,17.17527625226143,386.23413484940824,0.18698124514854003
1487,8.866765924394707,16.832383343424603,362.09057588385514,-0.3171036455546507
1488,7.950057648081351,16.476306797123495,338.4040864422865,-0.7490746360374759
1489,7.049583505631065,16.10298930715646,315.28832547958467,-1.1029176144665471
1490,6.162521051074297,15.706659315804671,292.82959552066154,-1.3703634177964183
1491,5.300724489391897,15.285195120696207,271.0843347120649,-1.5427832777401398
1492,4.473650914281391,14.841221294320595,250.08644330722063,-1.6214822546525414
1493,3.6699218222876957,14.378991791447985,229.8553674056124,-1.6277207198099624
1494,2.8547840903107935,13.90192233991732,210.40184228842696,-1.5991335690550044
1495,1.993350971436545,13.41328844644752,191.72961971051888,-1.5744005726569261
1496,1.0771276271153527,12.91799964971083,173.83256256815883,-1.5806384395779889
1497,0.11354661784500719,12.423160048635156,156.69687550879908,-1.6305498571993735
1498,-0.8959546955723683,11.936855830854414,140.3038702434589,-1.7248850228559158
1499,-1.9506992447536637,11.465666863907062,124.63193064064588,-1.8574718703055073
1500,-3.0328744957954274,11.014867119267585,109.66686537907576,-2.02020816483561
1501,-4.102573241750001,10.590829147945488,95.40753663768525,-2.205001823153288
1502,-5.115316314367348,10.2004740808072,81.85377351340888,-2.4045441315646796
1503,-6.03791927011114,9.849453079548258,68.99395419696111,-2.614477263658267
1504,-6.84651793648524,9.542002478648792,56.80606271342855,-2.8345913924597803
1505,-7.523825427836824,9.27902686227488,45.26603421693363,-3.066115678306684
1506,-8.06317332286275,9.055705374557723,34.35551236282251,-3.309445956565572
1507,-8.473912093942605,8.863861057420396,24.06283529277016,-3.564352221556443
1508,-8.778991097112602,8.69653204630258,14.376103107134607,-3.8298918254595677
1509,-9.00139492602205,8.54968573941646,5.274133514510983,-4.100682645434955
1510,-9.14994433155879,8.422440811693184,-3.275968804482713,-4.362228588968196
1511,-9.218766994384548,8.318409806332216,-11.31241641288133,-4.596760663358529
1512,-9.20357060276028,8.244123495845923,-18.871068336943026,-4.796188132205945
1513,-9.117789197538109,8.2046344887323,-25.98092645812803,-4.968751300066391
1514,-8.985855481356744,8.201104111832501,-32.66410965317319,-5.1346096867935
1515,-8.817161593127626,8.23239607029194,-38.939871985128406,-5.314631478909508
1516,-8.600523589817467,8.299117888874468,-44.827295379601175,-5.522294439007614
1517,-8.323740054476103,8.401876298696104,-50.345276388668765,-5.762216828641355
1518,-7.9887012924389005,8.534088982460716,-55.508633371859965,-6.033123360254977
1519,-7.616490590774824,8.68148043781442,-60.323522164971195,-6.331377576151737
1520,-7.236319250116768,8.828624875919486,-64.79316033272475,-6.653687651204686
1521,-6.871285664462492,8.962730439625581,-68.9285316816066,-6.998982618346328
1522,-6.535941960594607,9.073725569510083,-72.7486933588805,-7.3703223162646365
1523,-6.2431194270491295,9.155221885816282,-76.27150769953825,-7.776696816416905
1524,-6.017576175521306,9.203796091610217,-79.50917034492605,-8.228275877726537
1525,-5.8924544719555385,9.21570223582848,-82.47952079654858,-8.72898965298154
1526,-5.863078042465553,9.21607264364642,-85.16403341968572,-9.247075349174535
1527,-5.980799487252165,9.151208331214379,-87.72142369179701,-9.839083789227846
1528,-6.256531728243024,8.993890814364185,-90.2193177704642,-10.523169014932906
1529,-6.669910579688892,8.738629681436697,-92.66275137287901,-11.28433205605446
1530,-7.179093767125098,8.399971531937299,-95.01343204571337,-12.08362467254388
1531,-7.731159180065559,8.007384706724325,-97.20509345772759,-12.87090159379168
1532,-8.273063299735737,7.596630261241238,-99.16189253777749,-13.596055486766536
1533,-8.76311960591035,7.202028203620321,-100.81706712355002,-14.218449059831405
1534,-9.17469062993975,6.852786711893806,-102.12581001913932,-14.713090058735014
1535,-9.489760652472011,6.572346716069321,-103.07124547119041,-15.071408884874094
1536,-0.17245750174998237,-0.3333391731629577,0.404735948179331,-0.24108183978297412
1537,-0.43402246244834153,-0.7189282978218697,0.7890929759550867,-0.5607733092666873
1538,-0.7952189389002905,-1.2521801127402865,1.29740023500987,-1.0095389496533465
1539,-1.2507851308713844,-1.9228103262504497,1.9198342950468938,-1.5820038039625413
1540,-1.8056339664502516,-2.7069353125868916,2.642705460787565,-2.2677662624886383
1541,-2.4592486073337203,-3.5688444929351624,3.4469756517160324,-3.0486092862388228
1542,-3.187986975509821,-4.46412461315854,4.304668459770852,-3.89819224037846
1543,-3.9503323904121155,-5.346840034672661,5.181572241062129,-4.784673689570707
1544,-4.7106288299484635,-6.180252152143729,6.043089942489668,-5.675717580676692
1545,-5.452551490163463,-6.946775517531071,6.860257751111896,-6.546747393947712
1546,-6.17737365019518,-7.657469708293554,7.626279460713079,-7.393041820641955
1547,-6.86817908983463,-8.315279068643346,8.324899175546586,-8.203390536397594
1548,-7.502035752780676,-8.92489871645633,8.945916938761409,-8.967548008964677
1549,-8.069585380131297,-9.489054532989087,9.484096392836644,-9.672905846436205
1550,-8.57876380205386,-10.007274099466189,9.936256945356675,-10.301095966577115
1551,-9.036327331322603,-10.478266807158665,10.30314284346981,-10.830257568283432
1552,-9.440888988756228,-10.903475526811576,10.600267338164608,-11.245240292824112
1553,-9.800372984831087,-11.286935207704946,10.855353168294629,-11.548593393927943
1554,-10.140680615848058,-11.63169748879574,11.088263926573871,-11.76196583573105
1555,-10.494058789052653,-11.938338639767306,11.297841040221334,-11.914720029360902
1556,-10.876061898757131,-12.20591831485657,11.465981915114009,-12.030360374049014
1557,-11.279276661360637,-12.435718757552028,11.569547655327893,-12.125280277053081
1558,-11.692989124985141,-12.635550785949839,11.591746583602577,-12.215965523494868
1559,-12.11969323518489,-12.820233466388427,11.529733801970687,-12.320425543624935
1560,-12.57568590256536,-13.006839416723247,11.39570343524069,-12.456363995115279
1561,-13.074846653220526,-13.207863498754314,11.214210068298417,-12.641985617202053
1562,-13.621188622937265,-13.429276833389055,11.017343642752731,-12.894912026949985
1563,-14.22149542137848,-13.673181347754724,10.834189770754103,-13.23015162101957
1564,-14.900326305857847,-13.937070583124969,10.677591235184446,-13.66719786112945
1565,-15.697455587946205,-14.211026365705772,10.542189779311398,-14.239422222131276
1566,-16.643203996894943,-14.4786201232933,10.416565516745537,-14.985525530027367
1567,-17.73176177402383,-14.719017422119657,10.292788522793733,-15.926162504867992
1568,-18.905083406882937,-14.908410908603383,10.159335463297026,-17.045093054031017
1569,-20.074962591292238,-15.022685682074515,9.987479363273346,-18.294821910788876
1570,-21.163787342546932,-15.042252430883151,9.737801065766153,-19.621073105005163
1571,-22.112801452597175,-14.957943335413525,9.386105449227069,-20.97065523023259
1572,-22.875262000064083,-14.772628478822933,8.929452042069261,-22.284972997459427
1573,-23.421912602815475,-14.497344144185158,8.36653018638748,-23.50478678122261
1574,-23.75786005468704,-14.149328284577718,7.692835550033617,-24.580674267380676
1575,-23.92797499692788,-13.751609177432284,6.909949489222042,-25.479586044997596
1576,-23.996596444709155,-13.329470123588631,6.027277643068597,-26.187818151305837
1577,-24.01850117509613,-12.907874303731758,5.063642683260444,-26.709714407064165
1578,-24.018530109410534,-12.510603759511099,4.052288959491595,-27.06222798054059
1579,-24.0001421919205,-12.157309317176267,3.0479579470487073,-27.267617172760833
1580,-23.96548222333279,-11.860115534222324,2.130584795985222,-27.346654414416243
1581,-23.906342686529495,-11.620636228610138,1.393652026869057,-27.310971432808497
1582,-23.78503893549781,-11.428199266644203,0.9229489902399363,-27.157970735876816
1583,-23.541943579440233,-11.26163185450729,0.7805735870368005,-26.878591161487456
1584,-23.13235910984836,-11.09425541192736,0.9983318870667508,-26.474663043120568
1585,-22.563069012533717,-10.89958196422486,1.57776562290722,-25.967659663305884
1586,-21.879784040938183,-10.654832883164628,2.494010185070085,-25.38245698408197
1587,-21.114496184208516,-10.342729174156982,3.6958799715791555,-24.720799244266196
1588,-20.266648917627904,-9.953627905890258,5.108432913747931,-23.966746421439524
1589,-19.329964266665588,-9.487674150421398,6.649831664086675,-23.11571012318605
1590,-18.309722497018107,-8.955429286721122,8.250014932191839,-22.18050852959269
1591,-17.21890349550546,-8.375860481266107,9.85152204086451,-21.179131495068166
1592,-16.07028536816396,-7.7717206524929585,11.402148431060231,-20.131784516617973
1593,-14.874820286843246,-7.165820978072601,12.862293204608994,-19.062785161480072
1594,-13.653967550644941,-6.580349801310481,14.207738082548962,-17.997455192403468
1595,-12.450296665233926,-6.034748753712051,15.416978028102674,-16.962415994286186
1596,-11.317145537495731,-5.542287900728977,16.46406712542863,-15.990285960440573
1597,-10.293875220799942,-5.108972219476056,17.31824339566047,-15.116286635292433
1598,-9.402872086115075,-4.734659600227798,17.94870949417744,-14.36871867720628
1599,-8.670593076588684,-4.416217104267578,18.33310029387215,-13.761715867461215
1600,-8.130812577782065,-4.148547738665003,18.462783462560704,-13.292039872068019
1601,-7.8048998591256575,-3.9226957522035444,18.336959634685456,-12.938267282372344
1602,-7.680098970300695,-3.726885653329362,17.951812316639593,-12.66022577562237
1603,-7.711332205609176,-3.550586199394992,17.31018818331454,-12.408032911231471
1604,-7.850320182437715,-3.3882751927370283,16.436725091567123,-12.142053343599821
1605,-8.065907937723228,-3.2405873179954883,15.373902615403136,-11.840007109968896
1606,-8.337792660500945,-3.1101892290032547,14.170949043075566,-11.490595362391664
1607,-8.641410253458172,-2.9961272085731148,12.87696711907946,-11.0957118171547
1608,-8.94757573394894,-2.8951267815792368,11.541351769496504,-10.675058992892257
1609,-9.232089058212809,-2.807454797826731,10.213069148630728,-10.261789085117993
1610,-9.483256008798122,-2.736984057926609,8.936245909040952,-9.892022264844893
1611,-9.702651542902617,-2.6861199869872983,7.751102424595699,-9.592975794511883
1612,-9.892712776118008,-2.6529256648899033,6.688911653988411,-9.374141376246625
1613,-10.045539428447835,-2.6332570499436567,5.757533902149017,-9.224420349938304
1614,-10.147106524385215,-2.6245300356535126,4.940057227652813,-9.120045302314614
1615,-10.192164936529387,-2.625616110669392,4.206350226363521,-9.037804414083276
1616,-10.193284213658071,-2.6341043836063736,3.5198547900438912,-8.961067339599078
1617,-10.170965463870104,-2.6453287051058627,2.841743834431497,-8.879331004748657
1618,-10.136673189148757,-2.653953249158935,2.140412040602865,-8.785494772433498
1619,-10.085671850193792,-2.6548684471548136,1.403626404507062,-8.673088304858817
1620,-10.006090206081993,-2.6411503915087735,0.6339965522802671,-8.53739766758113
1621,-9.8921932477024,-2.6039230056473603,-0.1697448426320841,-8.377344037045882
1622,-9.74116934877389,-2.5366428298019734,-1.0123468946400629,-8.192050073151506
1623,-9.54067856687756,-2.436972992429962,-1.8916903924412471,-7.974715190088003
1624,-9.263114160150009,-2.3056540390535636,-2.799545188760063,-7.709693872329582
1625,-8.879807576549211,-2.1447786427300746,-3.7253593560715155,-7.373777982612732
1626,-8.38631026625997,-1.95397585892936,-4.664846509851762,-6.948489149189851
1627,-7.8058889277293435,-1.7310326575789248,-5.627605027020187,-6.439731889965467
1628,-7.169441401064394,-1.4773739313617746,-6.632169068379369,-5.8772987691789105
1629,-6.49964013943513,-1.1994524939873417,-7.689851263780662,-5.294232082130735
1630,-5.818114199129051,-0.9070934623165374,-8.78626860521927,-4.717136198106938
1631,-5.155339568437047,-0.6120866169124647,-9.88395935483855,-4.169157775942965
1632,-4.543027449638832,-0.3262637418587653,-10.935206133212926,-3.6701467533516134
1633,-4.001883483238535,-0.05985138598713662,-11.880804669191194,-3.2338172122084816
1634,-3.540201079039416,0.18106883927316858,-12.656024771538055,-2.865381871116853
1635,-3.167472923184647,0.398727000444981,-13.2097801482524,-2.5625295459857202
1636,-2.904507108305545,0.6044267070001548,-13.51879656818183,-2.3205298691949774
1637,-2.775593034398918,0.813071457909565,-13.592226740994755,-2.1370655896194317
1638,-2.7904579417828765,1.037835753846572,-13.469220901765224,-2.0111203875119217
1639,-2.9358245664855316,1.289623498839038,-13.208008075882102,-1.9417705923307251
1640,-3.1932635073101365,1.5736250757878285,-12.86712319869737,-1.932062967532302
1641,-3.5601030009850025,1.8814137026919202,-12.496034339293091,-1.9909449097018403
1642,-4.0417432321726015,2.193628979409293,-12.138946072660774,-2.130323257960204
1643,-4.6243434075217325,2.4913096217096578,-11.831211516607498,-2.3578733481533165
1644,-5.264371223810324,2.7591555190883303,-11.583590272825656,-2.6669746818942546
1645,-5.912438581060333,2.984405866268949,-11.387453832359139,-3.0368504055028875
1646,-6.5382722181871165,3.1602402413775748,-11.242267758978485,-3.446540020791916
1647,-7.123195011585399,3.2897135108504294,-11.163898321422069,-3.8773300714605083
1648,-7.634023805755258,3.3854988662533465,-11.173314943846377,-4.302500636533314
1649,-8.01510722508939,3.4646704416124994,-11.284758598070598,-4.691206754916198
1650,-8.20989800107129,3.542451175259948,-11.502689281450689,-5.021759162264896
1651,-8.191481332382034,3.6293549255167377,-11.821871412825828,-5.285242447389999
1652,-7.973599159967787,3.730251374095758,-12.217960198876414,-5.481908858706446
1653,-7.589497012149742,3.8436792157506128,-12.64170143098135,-5.618607793956275
1654,-7.111524352131487,3.946794140469224,-13.020920783256345,-5.730294494096796
1655,-6.49565055983626,4.055045210031734,-13.329915448566588,-5.796618469870741
1656,-5.754103145535406,4.175952621182901,-13.552787587542596,-5.811891292884206
1657,-4.932057976805638,4.311389179856942,-13.692682045946384,-5.781161329354748
1658,-4.077501761492832,4.460637991531418,-13.768142764210426,-5.71288725912775
1659,-3.230223402902051,4.6205353536985845,-13.800562076374256,-5.614122409578916
1660,-2.4311718908451256,4.782436935189081,-13.811726735053876,-5.491224810136118
1661,-1.7250300326630084,4.934284345177059,-13.82732673699646,-5.354102427802082
1662,-1.1481939336364562,5.06668273251534,-13.868531264293498,-5.216905617306744
1663,-0.7127170724208715,5.173980187709474,-13.935423882454645,-5.094279709984057
1664,0.23832110834991918,-0.09140919992913892,0.028584223290065852,0.04523632121986934
1665,0.2979553208050334,-0.2123083964170778,0.038265746063478864,-0.04419768169335375
1666,0.2476351225983333,-0.40093999625678634,0.06660793905355228,-0.26283961933042177
1667,0.024625588703257317,-0.6681968288555451,0.11388116695420447,-0.6547692039393544
1668,-0.43310687863156655,-1.021490887530005,0.1715130866366189,-1.2523166550892701
1669,-1.1701193433055899,-1.4702392042051737,0.22480525208563693,-2.071753642054098
1670,-2.192442710421542,-2.0250111917704134,0.25463804285563324,-3.1107940098060807
1671,-3.469779449374281,-2.691117752142362,0.24289315523580432,-4.3457730535700385
1672,-4.958003716191157,-3.4642583976768027,0.18101226163905199,-5.733332302051001
1673,-6.60564535857652,-4.332530222214107,0.06893910874675808,-7.223030692492765
1674,-8.347916670380023,-5.283570294316321,-0.0937295839627954,-8.776485306658083
1675,-10.114499407343924,-6.295655123016234,-0.3167688679719246,-10.367129031272114
1676,-11.85871477000352,-7.342197183560602,-0.6076610098355479,-11.984389531040359
1677,-13.577850833048647,-8.39428259094961,-0.9609570746538771,-13.630036445946937
1678,-15.292977277315485,-9.425902895870724,-1.3596974929024133,-15.307039719136739
1679,-17.00978504694295,-10.416805447259406,-1.7857526440467009,-17.009439228881153
1680,-18.69779870793912,-11.352356424833692,-2.229557905511843,-18.71784969648033
1681,-20.309562399070604,-12.225362724605397,-2.6925571422789583,-20.403467429714357
1682,-21.81441358042254,-13.037053254618883,-3.176322364063507,-22.032359092364413
1683,-23.203279231427143,-13.793651433910567,-3.6789269679075027,-23.569432145440665
1684,-24.469107636036064,-14.502260373281326,-4.208309201606086,-24.98142121097707
1685,-25.597910680450582,-15.16709281804894,-4.786877939372034,-26.236368116773832
1686,-26.5827038239753,-15.784039468580085,-5.43971272044225,-27.309485139521424
1687,-27.4368624996001,-16.343125134353723,-6.177738553321265,-28.19165549957681
1688,-28.188813504123427,-16.838649520962985,-6.9894950348234595,-28.893964188810656
1689,-28.866917841433104,-17.271837967453443,-7.845990070242824,-29.446941652293447
1690,-29.49538403596242,-17.64725774120999,-8.704508126135526,-29.886986581002805
1691,-30.094646592921077,-17.96802639676236,-9.507785438915713,-30.23142370912938
1692,-30.679473727321227,-18.23267972955803,-10.194750815796112,-30.484695382535676
1693,-31.26426833513129,-18.43765576565897,-10.716931798296297,-30.674124073247736
1694,-31.86155488756775,-18.579898665310868,-11.042259659178015,-30.848488688511377
1695,-32.477157673176485,-18.65671588184377,-11.15622922519868,-31.04901651626616
1696,-33.11520647156627,-18.6663950285024,-11.068368135020693,-31.296421023103722
1697,-33.78221697671573,-18.60852165687573,-10.814961430119386,-31.591118993643313
1698,-34.47889966965632,-18.483142373043126,-10.45340758352889,-31.917810378508378
1699,-35.17288649143182,-18.29086507230206,-10.052464441043139,-32.24431973825598
1700,-35.78847195367905,-18.03315168585262,-9.677905877324235,-32.51433153975263
1701,-36.24148848547205,-17.713206141752632,-9.370790832452036,-32.65834638433417
1702,-36.47572956697813,-17.336929681022493,-9.139969916588566,-32.62407057578387
1703,-36.468538413016034,-16.911798067044195,-8.98186302266047,-32.39313782175407
1704,-36.214491649091904,-16.444921200639396,-8.89965621627464,-31.972903531111857
1705,-35.707902862102365,-15.94020642975766,-8.904300081330303,-31.381135206329816
1706,-34.94612840356997,-15.398994650483317,-9.008500989502975,-30.636118029292653
1707,-33.9482175571528,-14.824754508620792,-9.217275285011755,-29.75761895903866
1708,-32.76434544215171,-14.225132335391793,-9.51920446420622,-28.775132999923954
1709,-31.46280458624954,-13.612081065703904,-9.891076931047708,-27.723068201856652
1710,-30.096571027108475,-13.000453711336164,-10.305223486955969,-26.61458568954252
1711,-28.681173847664407,-12.404791448719967,-10.731462363234087,-25.4380829918248
1712,-27.215881614459878,-11.83757412894294,-11.139811595621447,-24.186714033528947
1713,-25.71833491004274,-11.307060183521843,-11.50654221149079,-22.864545198905425
1714,-24.222133533606005,-10.814171681575129,-11.82767898743757,-21.474408528285938
1715,-22.74799219609782,-10.353347061205062,-12.12459675577173,-20.021557403798276
1716,-21.295366207032785,-9.916140114355075,-12.431168496764093,-18.52410206109019
1717,-19.86578650554214,-9.494312777106503,-12.774732229184949,-17.019272745069742
1718,-18.478052966181096,-9.081209988062259,-13.165295558458343,-15.553230351768129
1719,-17.155140403909904,-8.671519956612228,-13.596120373624407,-14.159098670270534
1720,-15.916254712796258,-8.262669816987524,-14.043700173497799,-12.85300155237706
1721,-14.7822543868003,-7.856902521456114,-14.466278214381923,-11.649376576019812
1722,-13.780630580599555,-7.46028212002643,-14.811603997917453,-10.57399359830866
1723,-12.94130605727332,-7.078746018291529,-15.027492569376156,-9.663306744172663
1724,-12.28257056786128,-6.714473529601349,-15.070831298193466,-8.949364650275442
1725,-11.801401155970233,-6.367038250496964,-14.92287073414028,-8.441010105622553
1726,-11.469754010496889,-6.03558003585507,-14.596833187717717,-8.125182564295457
1727,-11.24506873955804,-5.717211040027251,-14.131889199920952,-7.9854888493119
1728,-11.089330704060847,-5.40470210800971,-13.59586680023194,-8.011206044877905
1729,-10.973046720657242,-5.086222633847275,-13.08419734073005,-8.190872739571915
1730,-10.862374464801542,-4.750167522294072,-12.690004133053694,-8.503344483578793
1731,-10.730492645716152,-4.3921791734898,-12.468751170221054,-8.91956862131143
1732,-10.595168935076595,-4.015591691579371,-12.427651467152753,-9.407812034401237
1733,-10.510304710061106,-3.6263519679831084,-12.541146512747293,-9.93682219527782
1734,-10.518088376919545,-3.230919544125002,-12.770166848672906,-10.481674341952356
1735,-10.618577491436096,-2.8372257195178405,-13.069071720563366,-11.025698789748908
1736,-10.767873358277086,-2.454581213677551,-13.385471848384755,-11.554711032214954
1737,-10.89455685959423,-2.0917179344347816,-13.662788933069722,-12.048628795696304
1738,-10.915730082374326,-1.7563906767842894,-13.85063271008591,-12.480840299072716
1739,-10.743580698296782,-1.4584310938786842,-13.9138573562927,-12.827196837586026
1740,-10.288955299944435,-1.2087995217241783,-13.836143164143913,-13.073013407522955
1741,-9.474450695992065,-1.012938752482016,-13.621919883851419,-13.210596908806078
1742,-8.258955650303722,-0.8684977303860173,-13.29132780645371,-13.232047603127675
1743,-6.653020356458192,-0.7693902530056469,-12.872897065955783,-13.123472450603261
1744,-4.704199332177786,-0.7098776517242156,-12.399937028718961,-12.861620438896324
1745,-2.4698434055883656,-0.6849660313504407,-11.90365342723909,-12.420793183571135
1746,-0.006873717823191572,-0.6882855565158342,-11.404103211561202,-11.784191941546867
1747,2.621532082183581,-0.7116709416078549,-10.913752138705132,-10.94616916040616
1748,5.335139252206833,-0.7456533797750109,-10.451510132642,-9.916155362597152
1749,8.038539849473729,-0.7815350373512963,-10.04612384364288,-8.725554740420112
1750,10.632975390044166,-0.8151938342348232,-9.72836724780954,-7.423128628242369
1751,13.024324767970842,-0.8471809307938695,-9.522380852714566,-6.0634023443638
1752,15.13147704534109,-0.8794223767119893,-9.440950564978749,-4.697328654827006
1753,16.890731784523588,-0.9129733059067147,-9.483540195511946,-3.3658905810477733
1754,18.256270433043102,-0.9478175697768335,-9.63324644765814,-2.0986909678709216
1755,19.204677217688104,-0.9837398293051212,-9.857932083370278,-0.914406975975858
1756,19.74207526917234,-1.0201098834094702,-10.117841904677341,0.17855680889739145
1757,19.907065323254628,-1.0558924487191639,-10.375446383399044,1.1759523454827134
1758,19.762077852658603,-1.0919746328393547,-10.602584069329044,2.06943375493361
1759,19.376480319595537,-1.1287784500382396,-10.78261831428508,2.8457772315227197
1760,18.812534833851924,-1.1596467743861305,-10.908859937067483,3.4976251067873263
1761,18.114158913494677,-1.1724507856259172,-10.981073697903467,4.023727661719696
1762,17.30252789814951,-1.157890038139529,-11.004447232561413,4.410370380654598
1763,16.379937496040377,-1.1138583852315525,-10.990608344057875,4.629710775033455
1764,15.335655525299217,-1.0429691390690166,-10.956312900207491,4.658672627398561
1765,14.162479196592475,-0.9473347391604886,-10.9189791825414,4.494297275988457
1766,12.871129820015183,-0.8280155559038838,-10.89029830192181,4.160301327338489
1767,11.488756543695358,-0.6882207524022154,-10.872955523041309,3.700076862374408
1768,10.04617791421395,-0.5331532855318853,-10.864687152996163,3.1605216137560985
1769,8.569024583816752,-0.3670787964480492,-10.863048161981109,2.5853791929841163
1770,7.084307804550266,-0.19222273057656777,-10.864588534580955,2.0159152871363597
1771,5.626792539195311,-0.009156566005671427,-10.864110494237273,1.4865701736908792
1772,4.238088944088632,0.18294095096501656,-10.85749121702689,1.0178177378770947
1773,2.9558029040591856,0.3852226036832976,-10.842991648963233,0.6113833152255075
1774,1.7936327167216426,0.5970815969926409,-10.819400519610134,0.25749516878740836
1775,0.7326620816151228,0.8150765575027127,-10.783629424930506,-0.05214094167070455
1776,-0.2604785111571549,1.0334143266860794,-10.732300085973801,-0.32611147615314656
1777,-1.2076554478492492,1.244725567273845,-10.66684360218716,-0.5801480768761125
1778,-2.1176115353674443,1.4423429944780055,-10.593859584992357,-0.8298786370150085
1779,-2.9935642472426167,1.6234212438556666,-10.520913076807114,-1.0754018288410117
1780,-3.8282510989599143,1.7889046444341397,-10.452310294209493,-1.304778985074201
1781,-4.596897206278243,1.9402404359218606,-10.385498020251665,-1.5084416166263703
1782,-5.27451448393991,2.076872501629767,-10.33514129713048,-1.7022695100164178
1783,-5.806199797456639,2.192019713547898,-10.241530114094507,-1.8097239630388613
1784,-6.169563192015272,2.282755271362624,-10.0719111489777,-1.7865004738460875
1785,-6.366334201958352,2.3492654308195053,-9.815304708734903,-1.6196529199132454
1786,-6.409526259176417,2.3921802622857298,-9.478412479127824,-1.3247279035427197
1787,-6.322605914127091,2.412119096899945,-9.083259047112028,-0.940396441331905
1788,-6.1465419375409045,2.4113848398537425,-8.66342270244163,-0.5158743876996853
1789,-5.9363916491879705,2.3946307851976587,-8.256549237842753,-0.09405790139957673
1790,-5.744384225930897,2.3684666656561446,-7.8958280606356235,0.2951187295570188
1791,-5.599446788686947,2.3404944552683076,-7.606242212671124,0.627904322040735
1792,-0.309167464328843,-0.23616847652002546,-0.500632427090995,-0.47708484035552945
1793,-0.7975502069116054,-0.5902802823899238,-1.1047232242371117,-0.983441847792748
1794,-1.505728339400675,-1.1169464573511432,-1.9745648244652152,-1.6819985102464683
1795,-2.437067058825162,-1.8239253318329167,-3.1167367700444863,-2.573559868330282
1796,-3.5853916109591717,-2.703455756978102,-4.5120053414542,-3.6457941732171637
1797,-4.921112832685678,-3.7289096195417244,-6.117171937423469,-4.872540862165666
1798,-6.385880446214666,-4.856718906788696,-7.871397638776565,-6.214809933130656
1799,-7.904064440599394,-6.034626053360998,-9.704826978240863,-7.629003151398294
1800,-9.404030528164768,-7.2122570351224455,-11.549512922573161,-9.083119298299874
1801,-10.836781171450722,-8.353413877389931,-13.35588801571157,-10.565848901974363
1802,-12.18774568571739,-9.450960214777325,-15.114551310948773,-12.091262873376605
1803,-13.43225358345109,-10.4998483096819,-16.80244137962708,-13.644181169233011
1804,-14.556341090034104,-11.500662749629422,-18.4035258882884,-15.19600939573606
1805,-15.567323994798786,-12.456175238402796,-19.906654434801144,-16.709198509483006
1806,-16.481633524506616,-13.369910571278114,-21.300862667004733,-18.143708386025025
1807,-17.307169035255583,-14.242635870790114,-22.575658918918588,-19.46379561967845
1808,-18.042993831566744,-15.072686617715112,-23.725552542535514,-20.64345599368569
1809,-18.699234889359502,-15.860596679691051,-24.74785649696877,-21.66139712931797
1810,-19.308459368032686,-16.608338257152834,-25.635116229132745,-22.497290939310542
1811,-19.907718180913726,-17.31375078478818,-26.37635775907796,-23.141757225993963
1812,-20.51092850888509,-17.968031805518912,-26.964534396071365,-23.60255265271051
1813,-21.098031531906617,-18.559405892487256,-27.397880824649018,-23.901068779644
1814,-21.63926028599052,-19.08075330335302,-27.679445021637488,-24.06773716324736
1815,-22.12169791552825,-19.533485942017055,-27.81941654710207,-24.140088276447766
1816,-22.547158918839344,-19.92468964071463,-27.835246834322376,-24.162331818678055
1817,-22.9169243215968,-20.261238860304427,-27.75046693813708,-24.17419437951095
1818,-23.221740897806974,-20.544334699711154,-27.592292359664352,-24.19981483906035
1819,-23.45389690613476,-20.769450957694076,-27.385168484913525,-24.25234667365683
1820,-23.627621152909676,-20.9307062611019,-27.14648324092361,-24.338631332278194
1821,-23.774518469037005,-21.025045192799613,-26.888809908935634,-24.45291521422624
1822,-23.915910619706963,-21.053776188438448,-26.618418931427193,-24.569667305189988
1823,-24.049390398306514,-21.021818374206376,-26.329167684467027,-24.651585933069615
1824,-24.1688071794134,-20.93667767705775,-26.004426825084508,-24.6659247526549
1825,-24.286198105686555,-20.807762115889478,-25.625027972361426,-24.595334928373614
1826,-24.424023387701588,-20.643170218027056,-25.176650967507296,-24.442108867524357
1827,-24.589876724177895,-20.444797109224098,-24.65430486355783,-24.22299515124519
1828,-24.773195565527526,-20.214157069883697,-24.06239720397349,-23.961387440575017
1829,-24.968800037939324,-19.96304029590514,-23.41425520664096,-23.68596940203243
1830,-25.19674419193708,-19.710162196538157,-22.731601169084414,-23.437503310710788
1831,-25.498483798430165,-19.472669806917317,-22.04132552955494,-23.274273080793762
1832,-25.90967970521523,-19.264421410195585,-21.366766255132475,-23.26001844890532
1833,-26.446739677530637,-19.094829409906215,-20.727842402429985,-23.44228958163786
1834,-27.115059002401235,-18.96760432708629,-20.152270338644716,-23.841995876091854
1835,-27.91387973764576,-18.88350622609882,-19.66984840586671,-24.45257389777393
1836,-28.828181128666266,-18.83825704225316,-19.296155291678414,-25.234101571966995
1837,-29.806199783074796,-18.81407586300437,-19.026170215001713,-26.112833040097907
1838,-30.76120141032944,-18.780942233114924,-18.837390839607803,-26.999784374622187
1839,-31.605560571762997,-18.705652506255824,-18.690137630270613,-27.81258411747717
1840,-32.28329929342091,-18.559602645375186,-18.525688003038795,-28.483368223837623
1841,-32.78525416357771,-18.328118235423013,-18.277327596313928,-28.966416220164245
1842,-33.13215452978356,-18.014389654217887,-17.889958850092352,-29.258769513442214
1843,-33.35536007717893,-17.632153668907016,-17.34210750461351,-29.408763325166344
1844,-33.50334749997621,-17.207907555087825,-16.645796267633017,-29.503247539529088
1845,-33.64577867211112,-16.78893414151143,-15.828090321630514,-29.641776839451154
1846,-33.859154544657876,-16.431030064949542,-14.936409746285644,-29.91567441099701
1847,-34.19492385372737,-16.182916513439896,-14.053367790999053,-30.404770189489906
1848,-34.64855243703005,-16.07865894212464,-13.296908100015514,-31.15326884371537
1849,-35.15856873844433,-16.130169117020877,-12.807109401724524,-32.13346597606846
1850,-35.64128711079114,-16.328544329226617,-12.721913694438426,-33.26345716902568
1851,-36.035285802824795,-16.64904427000541,-13.147961521455253,-34.45738112261968
1852,-36.31102190443071,-17.05073202295835,-14.15083424801238,-35.64063315986211
1853,-36.45446591520529,-17.480145869054283,-15.768950461941648,-36.73934734992041
1854,-36.460413380327246,-17.885164411812244,-18.009332949072462,-37.67708838833074
1855,-36.328198334182396,-18.227391615610205,-20.829790142790166,-38.37923212938623
1856,-36.04338732051472,-18.481124124069506,-24.154860013614666,-38.79019041526905
1857,-35.5609121590902,-18.629762662627886,-27.907525390655554,-38.893685256127
1858,-34.804471131018154,-18.663841413309054,-32.01064294596448,-38.70478289645271
1859,-33.685738983598526,-18.576740719134115,-36.38231670381455,-38.241654817515766
1860,-32.13578830991088,-18.3654386952621,-40.94934471451071,-37.510186028606604
1861,-30.114088048881403,-18.02948868325965,-45.677659115309645,-36.51115491045393
1862,-27.604370478987907,-17.56289534845733,-50.61916793553257,-35.25007257687669
1863,-24.614987794440506,-16.9573111211387,-55.91781434498463,-33.733565514424775
1864,-21.175570070386115,-16.21623920019509,-61.764992950679954,-31.958736475307663
1865,-17.353518950500668,-15.360647915916815,-68.36742338405014,-29.920289537381265
1866,-13.27045756488597,-14.420186023549348,-75.9340110924153,-27.639067368223667
1867,-9.083355331848667,-13.41920001004115,-84.6542249954539,-25.161005161766155
1868,-4.930773202476198,-12.37408601915132,-94.66943629598212,-22.523149349738265
1869,-0.8894625711558836,-11.301734213088611,-106.04417850768156,-19.75101901117553
1870,3.005143588573879,-10.223832093615036,-118.72523802311193,-16.882161800940533
1871,6.728740403402668,-9.162157610489231,-132.516719189166,-13.96040311630716
1872,10.259713043995774,-8.12835023398318,-147.09028212670904,-11.005036753026317
1873,13.569119842592187,-7.118052767560948,-161.98974282473077,-8.017615705384506
1874,16.617740111901018,-6.119504087303254,-176.66141199544361,-5.026078585177876
1875,19.360659718313368,-5.12343724834303,-190.5646068429234,-2.0915988923788165
1876,21.75836153791131,-4.126729050659773,-203.29610696714886,0.71660518044142
1877,23.790316258515066,-3.1335890862333953,-214.63709961557097,3.3430044563867325
1878,25.455350284473397,-2.152670534572894,-224.5161247618243,5.767819954194422
1879,26.763467249414017,-1.1954842899603528,-232.96018257953205,7.998425220187063
1880,27.72622895913117,-0.27652496800369664,-240.1060868758138,10.029764376294905
1881,28.344529798293273,0.589271604496266,-246.22718068335456,11.83212130350078
1882,28.61661333248787,1.3927781978582185,-251.6924395188483,13.36901755901668
1883,28.564524272982045,2.1286782511749776,-256.9028524974968,14.615394755052735
1884,28.24299769982092,2.783627666879005,-262.2706406249896,15.573873751462592
1885,27.721127055980002,3.3377543500260773,-268.2159873656787,16.28003316205707
1886,27.04911732307308,3.775364399995487,-275.14949850662987,16.78929832170848
1887,26.25305758147319,4.094560067453713,-283.4523990708914,17.158852906596078
1888,25.365330933538992,4.314987669582531,-293.4633521087563,17.433074783788307
1889,24.43440057931116,4.468873747173533,-305.45090808128646,17.64011937567735
1890,23.51225234837511,4.582272558977028,-319.5821352308218,17.811700342278066
1891,22.640320640655812,4.664256663352642,-335.89071450512625,18.006450634685333
1892,21.83052677648258,4.710458563697754,-354.22629061748324,18.276846535866333
1893,21.06699183603781,4.711032492139278,-374.23740502743607,18.618717093824745
1894,20.33518076572844,4.6549949789366325,-395.4321141617556,18.99014504439671
1895,19.624413978323226,4.531197443968417,-417.27893913724,19.341095108604954
1896,18.90430727607301,4.3241471354339,-439.2745255677045,19.623296485805565
1897,18.1296706554158,4.016255244485649,-460.94366658278614,19.817984534503793
1898,17.27330538791279,3.5947572281489557,-481.8451488105994,19.938039286253968
1899,16.35296203961855,3.0557964856847564,-501.6249647406574,20.00035548349266
1900,15.424352831091227,2.409358223605958,-520.0406089187874,20.018095562614512
1901,14.545709484026656,1.683190119510861,-536.9192342413622,20.005444095323774
1902,13.754352697418254,0.9194983752898767,-552.1174900014333,19.976830066341684
1903,13.07910898554458,0.16331867569255962,-565.5223154641537,19.948847577184004
1904,12.558188330255103,-0.5517947680811077,-577.0569714273981,19.94556758392567
1905,12.2336042084981,-1.217365867722774,-586.6777660553454,19.99851521329174
1906,12.13073136865535,-1.8492107218864768,-594.3642558542099,20.14337197470777
1907,12.240979267540352,-2.473382404779186,-600.111219991276,20.416977210879686
1908,12.526470621783803,-3.119586353260141,-603.9451574752592,20.855886438732554
1909,12.94004753219926,-3.819088788759348,-605.9422555522667,21.496407191988197
1910,13.429464031331417,-4.5952897874153695,-607.0428242171296,22.33029149295927
1911,13.958016157090874,-5.4893104721585795,-606.2074129310429,23.364737142203772
1912,14.469736910908612,-6.493347016621636,-603.0271183802142,24.535537131197586
1913,14.936376767756858,-7.558949259516532,-597.5793103456073,25.756954554150767
1914,15.359953023121808,-8.615256625561356,-590.2895307669243,26.94566742605497
1915,15.737491781420966,-9.591757172239726,-581.8024910305893,28.02749456462826
1916,16.054386984016283,-10.43116445642637,-572.8648617702961,28.949396107874062
1917,16.30161260897019,-11.094691390790622,-564.2223142513344,29.685078565444627
1918,16.49031350125074,-11.566692161495771,-556.5330360922364,30.230276881869713
1919,16.643454114075865,-11.855963061994615,-550.2997096086594,30.594294476748033
1920,0.09075243214377327,-0.6424975619566107,-8.072917477350783,0.05991713447438343
1921,0.25333949778389203,-1.4067364078567,-17.023469262151288,0.2793246792526055
1922,0.49871139661557234,-2.500423415662387,-29.3794877360029,0.6333385593337957
1923,0.8291306251307757,-3.93268257680917,-44.885169693076186,1.1359462262070217
1924,1.2354199407362152,-5.686452528774375,-62.918602897478436,1.780851848135379
1925,1.705105691835349,-7.723085914401033,-82.54536292590537,2.5424201495014174
1926,2.2250085179193846,-9.986950287105918,-102.63373223072338,3.376129274231756
1927,2.770434246330384,-12.411209271440077,-122.03126595974794,4.22697348072989
1928,3.298153559957953,-14.928594798715253,-139.77173453412968,5.036945780881851
1929,3.762681838180307,-17.488274828651317,-155.3003827903041,5.744670541715187
1930,4.144724875912988,-20.078791144571476,-168.719891914892,6.305660902289781
1931,4.461144642897495,-22.658992816552516,-179.85389421805442,6.716012624754709
1932,4.740369344883121,-25.181597938269032,-188.46183819789732,7.004479659155961
1933,4.997540275325704,-27.59595392672466,-194.2168518427908,7.217667683097359
1934,5.247259264934689,-29.852706584982343,-196.70972664374662,7.413303053062377
1935,5.522954936423232,-31.909148905373307,-195.47853019637748,7.659141774202293
1936,5.8749405748931025,-33.7304391593897,-190.08058296072338,8.036557615161971
1937,6.351662135461168,-35.29060935385641,-180.18404707764543,8.623008003748124
1938,6.98006903409463,-36.57569907941333,-165.6334374529755,9.456978389307883
1939,7.767794143223565,-37.58592360557552,-146.48854429064642,10.531075437829546
1940,8.712428337843255,-38.33689135044337,-123.04826255901517,11.810792782334508
1941,9.803958216453848,-38.855158126706506,-95.81966382509783,13.245886672362102
1942,11.018305940851167,-39.170057707022885,-65.410746005042,14.779783598220286
1943,12.308331272317178,-39.310642906153284,-32.39540649181024,16.358215903957216
1944,13.622661575315348,-39.30525422597371,2.7922135822977037,17.93068391545655
1945,14.935851064797152,-39.17820254678619,39.89878166582872,19.454406795696876
1946,16.249105075489616,-38.946781734856195,78.82570266006549,20.90413845178346
1947,17.56319955576421,-38.62102157242344,119.56463827912695,22.269112273132734
1948,18.859885685553287,-38.20379136985749,162.1121546231608,23.53471446772972
1949,20.11374689401467,-37.69020771688339,206.38305890970616,24.682612052386876
1950,21.316873507019256,-37.06930556705696,252.1503997746642,25.704361609072045
1951,22.483662083840397,-36.329215089828125,299.0174326882516,26.600484630341583
1952,23.62047119253656,-35.462533481687544,346.42245354285745,27.372463448574877
1953,24.703486716475044,-34.47046279265096,393.6820418601752,28.016141302095456
1954,25.69505315878517,-33.36278896086959,440.0660250140776,28.522435280340737
1955,26.572375298341285,-32.15371356558607,484.87730561155234,28.8932836385536
1956,27.33914718640016,-30.85931691665702,527.5163099659292,29.148461333905942
1957,28.006539328716777,-29.495343635130542,567.5270381037589,29.310697333218595
1958,28.573049867857538,-28.077174102528172,604.6015897237663,29.392049330262658
1959,29.03217499567918,-26.623168919904188,638.5364145366697,29.388277784976825
1960,29.394440669623,-25.15347220427109,669.1860561160661,29.28516846838103
1961,29.69028980662682,-23.68663157705095,696.4499163693624,29.075979384944556
1962,29.941555759796195,-22.236604013577637,720.2741355584858,28.76706548901495
1963,30.143020771575365,-20.809687938261,740.6519269143544,28.369796943842637
1964,30.274238288122557,-19.40586359958228,757.6276236436257,27.894543923202907
1965,30.321315074154565,-18.02375625999851,771.2946330857841,27.350304289803972
1966,30.284266713375647,-16.66502773197178,781.7815218046446,26.748539795537187
1967,30.16310844017948,-15.336412286650324,789.2313759184154,26.106692599632357
1968,29.946874601985634,-14.049596121968493,793.7847130729879,25.44459805546928
1969,29.618598019619174,-12.81819147481915,795.5730484872253,24.774955634036022
1970,29.174966236519737,-11.653697969572013,794.7134334344588,24.098235940223947
1971,28.634565867747426,-10.562670406284708,791.3093236900952,23.41119033698341
1972,28.0181910940044,-9.545732105279424,785.458819737804,22.715006388600877
1973,27.333230811940428,-8.599622763590638,777.2436984872245,22.010081051411643
1974,26.582455143682004,-7.719115700162145,766.7101289075821,21.293477869392827
1975,25.787612532256894,-6.896563379379046,753.8684182542885,20.56738083334193
1976,24.995254596122567,-6.119764445587846,738.6963758042007,19.845209718659195
1977,24.24421839087627,-5.375227754745729,721.152565259467,19.14361774209162
1978,23.53497403549009,-4.6574990335761015,701.2151793863283,18.46737829408876
1979,22.83768478110386,-3.9716775631049512,678.9069697720647,17.804772399503676
1980,22.118951180216598,-3.328396051492169,654.2903060658024,17.136348324290676
1981,21.357269159789773,-2.7375084819524744,627.456702951401,16.44797923229179
1982,20.544333282970406,-2.2032437113840153,598.5217091094738,15.736619555700143
1983,19.673488259620513,-1.7230991298558755,567.6365857108015,15.002882653399165
1984,18.728217206852925,-1.2888902333683718,535.0132251578374,14.24233254564067
1985,17.69258141200348,-0.888284700669256,500.93907100060864,13.448731962498258
1986,16.570651553992146,-0.5068178353776117,465.7555503127985,12.623996917198154
1987,15.396167699654363,-0.130143910638232,429.8056928149008,11.779906572088379
1988,14.21681933657181,0.2535516354185019,393.38637011750035,10.929092186721014
1989,13.070018419793932,0.650333825714555,356.73051586263836,10.077233199902436
1990,11.983237126724763,1.060385558030888,320.0302005221622,9.22299689455005
1991,10.979654084283611,1.482376106285715,283.463737208093,8.359880805755177
1992,10.074085643440023,1.9132707030838563,247.18862004686855,7.477413852342274
1993,9.26811740509217,2.341885642980299,211.32668848321663,6.567717757562084
1994,8.551898923630953,2.7469177061486065,175.97361078855448,5.637610903215819
1995,7.925398225797562,3.1044568041366767,141.2110616719639,4.714237941639576
1996,7.41159302035831,3.394221116002132,107.11161947574861,3.8359730195961417
1997,7.032506173946635,3.6015477288272235,73.75249637049883,3.036075801660092
1998,6.78542770314088,3.723388233924361,41.221078063803226,2.3319126697085566
1999,6.640707766652834,3.7710608617361836,9.610943269252113,1.7230138991319384
2000,6.551362139334363,3.765272172451206,-20.979531507314373,1.1950742654617152
2001,6.467351113604552,3.7321425358409797,-50.46458504511139,0.7300652917453965
2002,6.335216439816713,3.701699516033791,-78.79619118472391,0.3159431403871368
2003,6.085540244886513,3.704858516395666,-105.95987810537463,-0.057222551893458054
2004,5.636105908794408,3.7681965895390714,-131.9438158784439,-0.40765663790807516
2005,4.916079986475982,3.9108913982200955,-156.72086570653306,-0.755857819596932
2006,3.896120448630824,4.144251341450055,-180.26019127646862,-1.1085468682846231
2007,2.589948762168329,4.468701707744477,-202.54851976636948,-1.4531966156319
2008,1.0255186605066513,4.871001140631279,-223.59053178165956,-1.7617105515491103
2009,-0.769708483342884,5.328425929644129,-243.38696134958823,-2.001353306953317
2010,-2.7636308393268223,5.817273884274807,-261.92908479389513,-2.1512003289383794
2011,-4.904712976895163,6.317523972960924,-279.2169695093007,-2.21367789120425
2012,-7.11336613497138,6.812146346237639,-295.27351445766135,-2.2116119291344676
2013,-9.299910622467337,7.286526152866493,-310.1330542531596,-2.174408769718011
2014,-11.38245682420979,7.731115302417247,-323.8174352983491,-2.1340524325682724
2015,-13.290024894902096,8.142682580246785,-336.3361004230667,-2.1320206661751735
2016,-14.965468035692647,8.52405559077999,-347.7083754680761,-2.2184505717691287
2017,-16.361282244914108,8.884473536077298,-357.97308649228614,-2.4407031420894785
2018,-17.43666672626247,9.237098111048303,-367.177039998419,-2.8336680110128314
2019,-18.163298756081353,9.595304883620502,-375.3608178877647,-3.414454267087705
2020,-18.53079332836027,9.969005116296165,-382.5578978806535,-4.17355912677193
2021,-18.55446093774133,10.360660093723425,-388.8010858370314,-5.068149491830141
2022,-18.280559687742983,10.762999934615657,-394.1164085159628,-6.034899282778409
2023,-17.782349500419887,11.159253076618947,-398.5160098871335,-7.015456437832033
2024,-17.14832770566413,11.527659005844,-402.0081571198255,-7.967736392514727
2025,-16.46393767900118,11.848976691214249,-404.6172365226551,-8.864499960115001
2026,-15.798282543398173,12.1123100725057,-406.39717252825994,-9.69335805669286
2027,-15.207112858353108,12.317073288107226,-407.4276182561998,-10.452925338647503
2028,-14.7421528741914,12.47129712044664,-407.797014949469,-11.141068130553768
2029,-14.455784099956638,12.587054473554483,-407.58862161905034,-11.752873896634854
2030,-14.388319268280695,12.677028897250564,-406.8805911117415,-12.293052905445062
2031,-14.547785699751012,12.752469647189818,-405.7455488902374,-12.778158832758445
2032,-14.910955729174791,12.819771166565495,-404.23862380520006,-13.2199988906794
2033,-15.437190892053918,12.881548001947225,-402.3916171450243,-13.613546632793156
2034,-16.086204812951294,12.942141619432245,-400.22392480661136,-13.943148353578511
2035,-16.829144941115317,13.008913994567036,-397.7554584720564,-14.19129201517892
2036,-17.641006286352816,13.087533173811178,-395.0062504745803,-14.343450811055565
2037,-18.49017719560164,13.178725419367975,-391.9890762661537,-14.394649460331188
2038,-19.36884999932961,13.282890903505356,-388.904968217851,-14.37626690222953
2039,-20.147665183287682,13.395834235304632,-385.4430289233273,-14.238403575998055
2040,-20.73758803210854,13.513125302135375,-381.53669461053533,-13.965157816166492
2041,-21.09031579414294,13.629584378316814,-377.28045433433067,-13.565728872174269
2042,-21.194984069477744,13.738609907704438,-372.85567980085915,-13.06598214396222
2043,-21.07321459731072,13.832156019631954,-368.4801392436234,-12.503217178762544
2044,-20.772592758810593,13.902732758469158,-364.3768877369369,-11.924881786018982
2045,-20.358678059280216,13.946683747703846,-360.7507593565124,-11.385578692411457
2046,-19.90566260365735,13.96525335854862,-357.7655122633421,-10.935292383081919
2047,-19.48580140820504,13.963197389355477,-355.52284094843003,-10.60149428867729
2048,0.43701683751526854,-0.2206120080140666,0.5651848523975669,0.4211140543880836
2049,0.9692167321332927,-0.48213915953554204,1.2836649641577353,0.9832259206833578
2050,1.7402682883401326,-0.8855614933673086,2.291720596563935,1.7904555263824478
2051,2.730371614525954,-1.4622930298555923,3.566806704634906,2.832616257221827
2052,3.8853778549279605,-2.234196388512314,5.05498252319694,4.068878184759059
2053,5.143300514900654,-3.2076895902159075,6.680781692632519,5.433720707690622
2054,6.443561109262644,-4.370787495662286,8.35619597697238,6.845855759328756
2055,7.719567183461099,-5.6930390228557055,9.989625637090114,8.219506214176638
2056,8.901678736553695,-7.1287412055212185,11.502367771751393,9.479274898689798
2057,9.941195567190373,-8.626290677561384,12.848752841847153,10.578203122809992
2058,10.84647217219728,-10.14308127688806,14.036652307537441,11.517448060049658
2059,11.634849799229842,-11.62457849812906,15.063008754665193,12.301820135586793
2060,12.323966632391954,-13.021015354111281,15.919817158897253,12.942029953633115
2061,12.918072512042212,-14.295461373649136,16.58584532556141,13.446732834716018
2062,13.421581853767178,-15.427294470013852,17.033956239383198,13.823988766992853
2063,13.852817205747483,-16.411363958490597,17.246207371251167,14.08022095251876
2064,14.236296916635363,-17.255730406948842,17.222893283833255,14.223157001980642
2065,14.588396769606216,-17.97466888520237,16.981028562997285,14.267275810177523
2066,14.913280619177664,-18.580118216503788,16.548101541342366,14.229167711686799
2067,15.213022386410568,-19.079092472194024,15.960875108394818,14.121978571097207
2068,15.499235199637841,-19.477936689480327,15.267756973493645,13.957735019950274
2069,15.788792565043927,-19.784513738740852,14.525521100060626,13.748713077443632
2070,16.082670076485623,-20.004869200296024,13.79004149537927,13.504257249692232
2071,16.355708915265215,-20.141855983960028,13.111100889206112,13.230125515602088
2072,16.57916757783912,-20.196727589124013,12.53109163537757,12.927604329707277
2073,16.740550773222857,-20.170662284115224,12.077221470678202,12.590126423985957
2074,16.82931285019418,-20.066299169527383,11.754658310685048,12.202042793188863
2075,16.816191811299984,-19.888987908723557,11.549451850615553,11.740869995169676
2076,16.659849275073594,-19.646830803377963,11.435651200706229,11.182554075748765
2077,16.3304543533765,-19.34888944745646,11.383923912618448,10.508342432456327
2078,15.821438284347114,-19.003373902447393,11.367177709370988,9.709958246053391
2079,15.144862805693633,-18.618732265767893,11.356679392260583,8.788767941622021
2080,14.314385453500595,-18.20629439953104,11.317018786859927,7.753498549286821
2081,13.335186672537311,-17.78027085997863,11.214591415025575,6.616932431040006
2082,12.2165844802451,-17.354728682760932,11.03384714833571,5.390957524263598
2083,10.988094350523596,-16.941398502469692,10.780616919089775,4.090383871415634
2084,9.692569413597953,-16.547614114709482,10.470295102478639,2.7404561978970015
2085,8.359432213430997,-16.17596972913057,10.118558556093815,1.3748513220701786
2086,7.001325456211409,-15.82953774664801,9.742100993092254,0.03542686748268879
2087,5.643086950425867,-15.514746503474928,9.359112177366091,-1.219628555974499
2088,4.340282767840343,-15.237628479968329,8.982062458262371,-2.322284147613688
2089,3.1590916446625052,-14.999237334297245,8.608381501781427,-3.21468935716105
2090,2.139131710964533,-14.793680289390505,8.221056622842568,-3.863242744484744
2091,1.2892457789104095,-14.607642392248424,7.798284297933308,-4.264766160394323
2092,0.6101476868823862,-14.420253728785843,7.321671892420195,-4.442235015126614
2093,0.09832013653312473,-14.205884752875571,6.780358273022551,-4.433775971214104
2094,-0.2638154526598892,-13.939772469369451,6.171850295796999,-4.283055047325863
2095,-0.5107057062937302,-13.602671617947179,5.502363447668644,-4.031979674924691
2096,-0.6928846717276496,-13.182709364467286,4.788992616801439,-3.718243119891826
2097,-0.8672066072050888,-12.675900097296136,4.05679851235986,-3.376454033623168
2098,-1.0782530507241113,-12.086205189011684,3.3282995686180876,-3.034083136229056
2099,-1.351551546292416,-11.424390196882529,2.6162534228777816,-2.7023572445241557
2100,-1.6985008364773921,-10.70768160274697,1.9249537001338608,-2.377144521907587
2101,-2.1162594131658645,-9.959157851218121,1.2550126455833204,-2.0511936292427606
2102,-2.586751802864992,-9.204329029389045,0.6085079919658664,-1.7251736145867376
2103,-3.083362934560704,-8.46439571078902,-0.008760016580734137,-1.4147265170258518
2104,-3.581313739064561,-7.752322816740702,-0.5916819580379296,-1.1541621676245575
2105,-4.067250210934614,-7.076727223243655,-1.1397331733110756,-0.9868326408079742
2106,-4.541155531018224,-6.445121976158735,-1.6529401629824243,-0.9449721415010859
2107,-5.011363829339215,-5.863090367745104,-2.128377286899896,-1.0420678466820512
2108,-5.490280585481516,-5.3319946461724586,-2.564424156862328,-1.2756358817214994
2109,-5.987916227138688,-4.84892304147451,-2.9645780081833792,-1.632738658895609
2110,-6.5046269099362926,-4.410268995788855,-3.332625160044345,-2.099247368324302
2111,-7.034759726699093,-4.014967890757723,-3.6679744785957604,-2.6651174139695817
2112,-7.581368014381499,-3.666168000597403,-3.9707040510015537,-3.3236620544222975
2113,-8.15679448362209,-3.371466683486342,-4.248629139411094,-4.066365043600445
2114,-8.76565292419843,-3.1432589950747487,-4.517335583855226,-4.878614271399719
2115,-9.402645549506015,-2.9990715794099505,-4.787756235700384,-5.7463229295722
2116,-10.069207801847343,-2.9580262363935064,-5.051246903423379,-6.666658851482881
2117,-10.783151916339545,-3.0342260689669174,-5.29404260660572,-7.645816964813944
2118,-11.56699456923257,-3.2304205498901566,-5.532211904335254,-8.689054177165847
2119,-12.429401488465444,-3.535404185619658,-5.821059058958027,-9.794595448563808
2120,-13.3584684774499,-3.9273241401763164,-6.233172947027709,-10.950515654084708
2121,-14.334330196777001,-4.3786068054087695,-6.827253869457048,-12.13591046183346
2122,-15.345057344430723,-4.859598930058988,-7.622148922941205,-13.324937381463391
2123,-16.369665772860504,-5.342091003162883,-8.590855536703568,-14.488463551097073
2124,-17.3565839231413,-5.802018290484662,-9.675561613068652,-15.595008703531091
2125,-18.235613685758043,-6.221526804602352,-10.802590626929465,-16.612797460459653
2126,-18.946797508678575,-6.589052037576043,-11.892666650684301,-17.514045840473376
2127,-19.46028131467896,-6.897462205374171,-12.876373321971935,-18.27920561721346
2128,-19.771665275251937,-7.144321393168881,-13.708597017467568,-18.89742014260945
2129,-19.888390635405898,-7.330506879434829,-14.371125912958707,-19.365374119598428
2130,-19.824635496917313,-7.455820129411987,-14.867809281475617,-19.684184311753903
2131,-19.610620859031993,-7.51671101033514,-15.220863313969744,-19.853730432010465
2132,-19.294323573353378,-7.506744855395174,-15.473886102752541,-19.868331801896193
2133,-18.918959834161136,-7.419193607629991,-15.694757209794789,-19.71693889150333
2134,-18.50522012292361,-7.250368883304539,-15.953913697894041,-19.390663042345516
2135,-18.05273242172994,-7.000281092440795,-16.285098702372668,-18.892677011065178
2136,-17.557642109300495,-6.671626971546637,-16.675621233294233,-18.239989693939606
2137,-17.02537032035341,-6.2705200769391665,-17.09204368728082,-17.461574318300794
2138,-16.463669817849592,-5.807253093618745,-17.500565712960086,-16.5974610533956
2139,-15.868897377174033,-5.295010802271307,-17.87287632691056,-15.690502407682176
2140,-15.226695232766131,-4.747394264551666,-18.188873360557203,-14.77489674218652
2141,-14.538291357188783,-4.178107409106311,-18.433583309212608,-13.87442240478582
2142,-13.829858441242632,-3.60273098715386,-18.591522415814342,-13.006598333533503
2143,-13.13373937928966,-3.0372914111204126,-18.650833259120695,-12.183123831122774
2144,-12.471843905526821,-2.4941320265981948,-18.609099648758967,-11.406658723394967
2145,-11.848284221233893,-1.9796160470460618,-18.46876812220417,-10.672079237154138
2146,-11.260710289717705,-1.4961441280853778,-18.23207867383268,-9.974874041705029
2147,-10.720502319575408,-1.0451278643176363,-17.900179484737173,-9.320519383604005
2148,-10.25803527238293,-0.6259493969016549,-17.471535818981227,-8.729049581211328
2149,-9.902286526045938,-0.23451118724250242,-16.938156300759974,-8.22955350417761
2150,-9.661065614067775,0.13603401101376195,-16.28321992266626,-7.850489221781496
2151,-9.53163970400247,0.49411380130002275,-15.490206002420598,-7.613247714722152
2152,-9.517419096364891,0.8477681876599438,-14.554604855246835,-7.529014098598658
2153,-9.621694630004749,1.202371376954397,-13.483637358529851,-7.598006231269876
2154,-9.825321427424413,1.5599400497553517,-12.292612759467735,-7.8086768916372105
2155,-10.079269670219523,1.9211096899430464,-11.00331797407173,-8.136773631140837
2156,-10.326144519172754,2.2845793755487445,-9.643117513181108,-8.547901013630979
2157,-10.526994314613544,2.6426784262817224,-8.248221686404309,-9.007592487977018
2158,-10.66819428343434,2.983465254695343,-6.869752345707903,-9.4855847760497
2159,-10.748206913567403,3.298548756500005,-5.570463162486225,-9.949502427070115
2160,-10.767772384208973,3.584324204045262,-4.40864548391568,-10.367525517512188
2161,-10.733096734114895,3.8375296319415355,-3.4219486312668215,-10.720231508238925
2162,-10.66201515085798,4.0550411203609125,-2.6246968423615002,-11.007421937589921
2163,-10.581335140656652,4.238871333177073,-2.015126977015111,-11.243119990337087
2164,-10.505705234066797,4.398066408039858,-1.5789472110728153,-11.443049389992332
2165,-10.42268205976203,4.543522034727441,-1.2900242789925893,-11.61626865091909
2166,-10.307799818558212,4.68932168101416,-1.107773104614676,-11.756220237750272
2167,-10.1554389942677,4.8202786341467165,-1.008914718285388,-11.893532310697955
2168,-9.97557609609109,4.92468112082328,-0.9638639246329392,-12.04646019737133
2169,-9.775845832892784,4.993494762927597,-0.9435617274588339,-12.221732907873157
2170,-9.56081549119662,5.02186929450685,-0.929433021222474,-12.415451165417057
2171,-9.343014803616938,5.010473661727956,-0.9165754388844174,-12.615816894154872
2172,-9.145520500373802,4.9652536790311395,-0.9091032713604246,-12.808458249173755
2173,-8.991949130940423,4.896516781856931,-0.9147240821788316,-12.980456846118622
2174,-8.890486213915306,4.818029312038719,-0.9385901121332587,-13.122067463674703
2175,-8.832235729887595,4.7440088521503725,-0.9770052761962523,-13.2277122743347
2176,-0.018624802961431694,-0.2033033273996101,0.029979606817261722,-0.14180683106103503
2177,-0.12788099329658817,-0.5351788326756799,-0.02930957309302358,-0.42077825976504213
2178,-0.2924992785214205,-1.0483652144200322,-0.1496432001865174,-0.8372264738570123
2179,-0.5409049703694291,-1.7599712152847433,-0.3443632951396457,-1.40002154875299
2180,-0.9056742159320674,-2.670740450854555,-0.6179754941571183,-2.110781972155724
2181,-1.404281403284031,-3.7640528077622006,-0.9635726307380225,-2.9559626793520692
2182,-2.0370292374777943,-5.007437080999235,-1.363518827667021,-3.9078898639689625
2183,-2.807523669217906,-6.357713277332092,-1.7936111219486346,-4.939016118356853
2184,-3.7179816737742946,-7.770430003892838,-2.228245987390233,-6.023512536811967
2185,-4.743180761361435,-9.209922656991019,-2.6444798643324896,-7.1261048829165015
2186,-5.828214306471166,-10.658273623170674,-3.0263652697080037,-8.207333441700424
2187,-6.910727529767651,-12.087562407864342,-3.3698689496434997,-9.219793097757405
2188,-7.939601491749484,-13.469585125960059,-3.6836580747292276,-10.126236195439148
2189,-8.873333803557747,-14.778788552172013,-3.9855757539989507,-10.903483613621399
2190,-9.670021414560113,-15.991622818204615,-4.296932938754703,-11.535773169864411
2191,-10.284681394599877,-17.084793988396548,-4.631185729872413,-12.012482911155153
2192,-10.686951161793631,-18.03364171034669,-4.985667103480803,-12.335945934395781
2193,-10.879175925481404,-18.813112496850373,-5.34675300095815,-12.524080544224086
2194,-10.88959366179143,-19.403915174667617,-5.700185534736132,-12.601519257115466
2195,-10.748693934349927,-19.798768184961652,-6.034943515276208,-12.590741921683172
2196,-10.476108909741278,-20.004384296090013,-6.344023107882233,-12.509038950684747
2197,-10.092283427986604,-20.040047347814593,-6.628629372909392,-12.368219862310513
2198,-9.627600262860858,-19.934164956820265,-6.9020104105496545,-12.178046056401412
2199,-9.114714161641194,-19.71955428784898,-7.188649053210845,-11.95080353490524
2200,-8.571336638610447,-19.427965724723293,-7.516471831125658,-11.701350429425553
2201,-8.001431306879793,-19.084018069311437,-7.90644023493552,-11.44850001906927
2202,-7.4229833581416775,-18.703465299427272,-8.368958550160619,-11.222143475987433
2203,-6.869991804643957,-18.297485309097237,-8.903206054501737,-11.055218133400267
2204,-6.370475166324305,-17.876135646194,-9.49492044308585,-10.963508036334545
2205,-5.935275198125945,-17.447065080249583,-10.117377843988255,-10.939000102768931
2206,-5.559448895349356,-17.01311380164593,-10.738096935335605,-10.957843993994578
2207,-5.241395521244365,-16.574449985608915,-11.326845231117744,-10.99587998305673
2208,-5.001084621732839,-16.13408886073778,-11.860738776580453,-11.037628599760932
2209,-4.872697932163933,-15.701357477946095,-12.329388187829801,-11.074832552533586
2210,-4.879145755118684,-15.29076388059277,-12.736283400803131,-11.102891733632777
2211,-5.017177468406245,-14.916550263170642,-13.095920106775772,-11.119636092051644
2212,-5.264827187157817,-14.587640471523766,-13.432198350064727,-11.127783905416713
2213,-5.599476064253659,-14.30624817982343,-13.772619645746314,-11.134007785450187
2214,-6.011386076282651,-14.070057602095257,-14.136894441573286,-11.150574168065939
2215,-6.5037575732502315,-13.875189585351997,-14.529491457598594,-11.198215227880022
2216,-7.083363142348078,-13.716288593454248,-14.94153794166006,-11.294955386674426
2217,-7.749087336302484,-13.585813104001712,-15.35839443442469,-11.443896952415963
2218,-8.491047029174556,-13.474809725538869,-15.763984306975233,-11.637540261267839
2219,-9.29586973690838,-13.373386360906524,-16.1380406208908,-11.870376100506217
2220,-10.142322667219648,-13.269769521091835,-16.454789208850855,-12.140838961559297
2221,-10.99552285401791,-13.150414468527476,-16.6872060935682,-12.442394618402217
2222,-11.811297656334654,-13.003154122848892,-16.81005786732712,-12.761167993737802
2223,-12.548659437406402,-12.820426800577039,-16.805918313331617,-13.081263338100914
2224,-13.178196320830311,-12.59919227662138,-16.675529235817777,-13.384398288883268
2225,-13.681244409702979,-12.338101453215051,-16.439107492591962,-13.649169718859621
2226,-14.049078550104195,-12.034236193920394,-16.127146737371184,-13.859715678082692
2227,-14.284015444724698,-11.682781088678347,-15.768744178915673,-14.01265284631094
2228,-14.403349274520686,-11.280228309157714,-15.385195180879078,-14.116641773444234
2229,-14.438569430289515,-10.826645901608883,-14.990550752533872,-14.186730866403918
2230,-14.42452973600876,-10.324852098914587,-14.591981916086516,-14.238296661537667
2231,-14.382848835378363,-9.779622133333417,-14.189072636959564,-14.283013862656443
2232,-14.305462794524074,-9.197412311690371,-13.774122658882042,-14.321685840753412
2233,-14.172310110981869,-8.587440420804027,-13.332115581251536,-14.347452750980173
2234,-13.991062355387848,-7.964712406085799,-12.844791972391574,-14.360162990045444
2235,-13.79617219023939,-7.34782373819489,-12.299606065721381,-14.367915881895279
2236,-13.615894710061058,-6.752873848739879,-11.697168305056838,-14.377725460599512
2237,-13.458559980723392,-6.191127664733118,-11.052028837193932,-14.396048915703206
2238,-13.325571633903756,-5.669946574305073,-10.388695788070399,-14.438536263537724
2239,-13.224753176751122,-5.193091299357194,-9.738950808372199,-14.527336527215303
2240,-13.171124063473727,-4.7599053084453855,-9.133804100980239,-14.675835673533598
2241,-13.175714742189035,-4.365838312523633,-8.59068200039665,-14.8838326909247
2242,-13.230371778646713,-4.003885149936842,-8.1067666244253,-15.142105966091684
2243,-13.315769237746979,-3.6683003248192136,-7.658103816187497,-15.430688655150997
2244,-13.426494524239121,-3.358455533152837,-7.203568961907204,-15.71715984521925
2245,-13.575274222639454,-3.0784070369567385,-6.695412889564719,-15.964603692259205
2246,-13.776025178516354,-2.83462918055957,-6.091349599845675,-16.1415007959634
2247,-14.030976219688881,-2.634102255065968,-5.361676870852251,-16.224374322029337
2248,-14.329143640621076,-2.482225040934215,-4.495731205786211,-16.196486231780924
2249,-14.657262581134814,-2.38266697004289,-3.506847569079847,-16.051447757896423
2250,-15.007132644700851,-2.3400936309065945,-2.426376876606287,-15.796252439023128
2251,-15.359020507149385,-2.359949848600346,-1.2929633096230941,-15.442869588262013
2252,-15.679310943090893,-2.446710115005918,-0.14649088147794934,-15.000216599011154
2253,-15.944035280051185,-2.605018748364206,0.975424211248217,-14.476108740192455
2254,-16.148814522774547,-2.8375505070038285,2.040962704868283,-13.876950304911865
2255,-16.302415675480074,-3.140360967595184,3.0263612059621416,-13.20312391181889
2256,-16.412184751231564,-3.5025010618798613,3.919499361086523,-12.452109907163866
2257,-16.474378252101392,-3.9082427984249124,4.723393827284635,-11.62823733421143
2258,-16.479874296307397,-4.3391560535253975,5.449271743590159,-10.74613371042909
2259,-16.42769327494081,-4.776192696221462,6.1037101603202855,-9.82693588923575
2260,-16.32716827493022,-5.1995591486771655,6.685182038211936,-8.895788841460078
2261,-16.18277695881309,-5.586610446765681,7.192539570029329,-7.981235457141507
2262,-15.983598232627731,-5.914798177443762,7.630113063389524,-7.109193021989947
2263,-15.702375341088178,-6.168047185607084,8.003882176649388,-6.288053456971669
2264,-15.309345135462673,-6.339799800693335,8.320348991778285,-5.500793246341564
2265,-14.793784633648668,-6.432430410412375,8.584525844282831,-4.71744835874435
2266,-14.162663533893928,-6.454658991238865,8.794371293382111,-3.9110649376363646
2267,-13.417909355861767,-6.417121820735581,8.938708728242196,-3.064056681389029
2268,-12.549523953870944,-6.329831447503776,9.00007447428186,-2.1743864679630573
2269,-11.561913851537822,-6.202935021049979,8.96391536496501,-1.2666683029865404
2270,-10.499059205036893,-6.045232422223098,8.824477262968554,-0.39410710962951245
2271,-9.434430448582523,-5.8623896879795145,8.581289635440836,0.3700219865762071
2272,-8.441992222657591,-5.658400439760698,8.236401619800382,0.9373784852995964
2273,-7.584856974883257,-5.437681915739737,7.793285559923323,1.2136127222493174
2274,-6.93092401884134,-5.2060915394926655,7.256137259332228,1.1161237662811991
2275,-6.563672514988347,-4.971010979664055,6.634448179667267,0.5902875568744651
2276,-6.5580412770499965,-4.74018565445039,5.946927457556157,-0.3788750567401207
2277,-6.946771851090677,-4.520491453908013,5.215317078495872,-1.7617844056377963
2278,-7.710417185479015,-4.317725103329029,4.452941544107653,-3.4881050106779377
2279,-8.793840971932765,-4.135851485948332,3.6635786734801687,-5.46148894788143
2280,-10.132993462527441,-3.9749921339521292,2.849241254511469,-7.582541346121188
2281,-11.65631300290965,-3.830358996925086,2.0109192082096197,-9.762299281466095
2282,-13.262317860569956,-3.6918146297827095,1.147829302673224,-11.916635837118617
2283,-14.82319214391965,-3.5437268228826646,0.263204984173792,-13.961475235107159
2284,-16.223682474468927,-3.369218767575312,-0.6346513776617044,-15.824749919015147
2285,-17.393893934704526,-3.156769640449658,-1.5374727907730708,-17.456807992603743
2286,-18.30728408566292,-2.903691052489548,-2.438817868161154,-18.82719985694978
2287,-18.95697679946708,-2.617051993367933,-3.3299843534199147,-19.917495358863924
2288,-19.34494252474939,-2.3108833103428554,-4.195260633932837,-20.716493163013023
2289,-19.49497747065122,-2.0013069124280607,-5.01557616562932,-21.216212085453776
2290,-19.45345775032676,-1.704228102076255,-5.774882858577474,-21.410892775822955
2291,-19.265699897442325,-1.4318392600454823,-6.4606682611944235,-21.304250206843903
2292,-18.953047655353657,-1.1880062827708713,-7.063760270030674,-20.91598809213978
2293,-18.511114000323857,-0.9675297175824783,-7.581864973273691,-20.277757390707222
2294,-17.980112856403483,-0.7776227545110169,-8.02589535483273,-19.494135122661746
2295,-17.284446591169512,-0.5731085157853937,-8.441774919161848,-18.482225523008395
2296,-16.406907612633923,-0.32843892991945706,-8.855700381447935,-17.236063928646278
2297,-15.365237412936464,-0.034467055882364664,-9.278422128846795,-15.80155376007857
2298,-14.203554722557787,0.3035270968664999,-9.707996761716839,-14.25775005094942
2299,-12.996023519367434,0.6682347126629253,-10.131434691269046,-12.701701425894246
2300,-11.837790483111327,1.034142506811139,-10.528299231473504,-11.231901051623057
2301,-10.818238069983689,1.3731417093472769,-10.877401845999106,-9.933007441529533
2302,-9.995535228798355,1.6608676862575336,-11.16284677213267,-8.866673302706833
2303,-9.390345490673615,1.8805553597312779,-11.376092891593501,-8.067999315561618
2304,-0.3553668334427201,-0.3691006918142232,-0.14495844198064126,-0.3262072712026145
2305,-0.9035934020710985,-0.8104916204557133,-0.3483662961128773,-0.8326759641303942
2306,-1.7208465780014421,-1.4293298846511395,-0.6649719667505758,-1.6067402171713727
2307,-2.8401928790352415,-2.2150992567964582,-1.1228670401493952,-2.6766270840167135
2308,-4.267096831220193,-3.1390364425101716,-1.7503446263639364,-4.054400269957975
2309,-5.971450934433759,-4.157752162929164,-2.569200778074612,-5.730432821498025
2310,-7.8956022672721655,-5.219845278615039,-3.587550779992272,-7.670568446430568
2311,-9.972549133487668,-6.274124431285007,-4.796428980135209,-9.81993757357709
2312,-12.136483740556397,-7.27925310791589,-6.172931454216525,-12.11151351082231
2313,-14.324185183873492,-8.214097512859132,-7.691471657672974,-14.479542209268566
2314,-16.4853234906666,-9.088753943495853,-9.337990302931203,-16.878925238008712
2315,-18.55749741939963,-9.903242112018571,-11.091129335686887,-19.25165166506791
2316,-20.492521261057636,-10.660518253360745,-12.925788581709837,-21.5453294404666
2317,-22.2568305545195,-11.365732205425669,-14.811171384539662,-23.715262085723474
2318,-23.828371159286636,-12.02331657645717,-16.71026900404158,-25.721910707987867
2319,-25.19256233869408,-12.634646307073961,-18.58078709238298,-27.530209321490343
2320,-26.347189294922202,-13.198360887317424,-20.37547004567515,-29.11780700827126
2321,-27.31031471506073,-13.71051299445675,-22.04855459437845,-30.482394938054032
2322,-28.10850204289893,-14.163459027215328,-23.562420585530646,-31.63731406066465
2323,-28.75545551145045,-14.54644261860988,-24.886041256603686,-32.60049691149962
2324,-29.244071173828434,-14.849810276237376,-25.994764634915846,-33.383495445274114
2325,-29.564178214273454,-15.070408232478659,-26.87455094409853,-33.9864300443327
2326,-29.717258302942877,-15.212296289427643,-27.526020275499317,-34.40348000139539
2327,-29.70991042158481,-15.282819979080642,-27.963613917657714,-34.62878330833391
2328,-29.541721464024203,-15.29003239013796,-28.20991129137044,-34.65586921288673
2329,-29.20329317304896,-15.243532823867547,-28.289203720975998,-34.47969965315057
2330,-28.690236450802054,-15.156193025136604,-28.222037236904207,-34.101716660234736
2331,-28.02238702795172,-15.043805503278532,-28.02251402537896,-33.53351320539859
2332,-27.251586600820172,-14.921657497394182,-27.702126081119964,-32.79969287217457
2333,-26.43946365493325,-14.799873197218487,-27.275217513931548,-31.93509680358661
2334,-25.632935096921432,-14.68172590962463,-26.758377882106593,-30.978108657714284
2335,-24.86209251910951,-14.56494742078786,-26.16925919567638,-29.967288740194537
2336,-24.142186315913797,-14.443101698205819,-25.527540083950683,-28.938411484578953
2337,-23.466105012254367,-14.308929992472038,-24.857201881146988,-27.920867340562435
2338,-22.79287381485921,-14.159540114194213,-24.183669560463812,-26.932597015941035
2339,-22.05702590021477,-13.997844885017823,-23.524129249790175,-25.975922539180537
2340,-21.19420156463657,-13.829222450991027,-22.88656423292961,-25.04220000570051
2341,-20.15549000472071,-13.657890226980562,-22.27442423242284,-24.12187136071811
2342,-18.912431094539176,-13.48304766068534,-21.691496372996827,-23.216295306109334
2343,-17.44635236312836,-13.297089572263834,-21.150108039942264,-22.342869635308833
2344,-15.735675735143152,-13.090740023611666,-20.670081131608807,-21.529255688763342
2345,-13.776590638437161,-12.857714071565457,-20.26889023936681,-20.808859996329925
2346,-11.610064783404221,-12.59550388004504,-19.95199662580091,-20.212458305995135
2347,-9.320386911533692,-12.307149294990081,-19.707694981164288,-19.7541461913678
2348,-7.00973624265541,-12.002624425606827,-19.510824547075668,-19.427786791467604
2349,-4.766035310355056,-11.697383680517625,-19.330744992237495,-19.211246526849315
2350,-2.65403258109651,-11.408215221364195,-19.13681347867371,-19.072592667621677
2351,-0.7368985937305733,-11.149819672827434,-18.899410805152367,-18.979959937098037
2352,0.91217468746548,-10.934135900696859,-18.59613585755361,-18.909899386466126
2353,2.222133590770391,-10.768294065130862,-18.223951405828785,-18.849840300188433
2354,3.138842358918419,-10.650382826197395,-17.80044107029734,-18.793504415206453
2355,3.635488377959838,-10.567397713823713,-17.350670433784686,-18.73647720091966
2356,3.715806923426535,-10.497883987004055,-16.89410848202108,-18.680082326829222
2357,3.4102673837517474,-10.418762428482196,-16.44290996899876,-18.630068306415495
2358,2.772036231472623,-10.312065373781085,-16.010288286231873,-18.587607573175987
2359,1.8735094370424603,-10.168346791595285,-15.61512426561048,-18.547164887000953
2360,0.7979124391195269,-9.987424115301728,-15.272058710783678,-18.49926373855491
2361,-0.3851101941614914,-9.774270697601109,-14.984508477269909,-18.435572865279777
2362,-1.6343293036205562,-9.532839832220512,-14.749115623743508,-18.35099605573332
2363,-2.9159227503852927,-9.2641053702486,-14.556385695234932,-18.240828721160405
2364,-4.184201773291328,-8.964729311246225,-14.38900103529474,-18.10401829897899
2365,-5.383589287697131,-8.62888663539991,-14.223038982330086,-17.945309732631316
2366,-6.468557528532825,-8.25576581224391,-14.031310063833413,-17.77095890345955
2367,-7.4260445381416265,-7.851446303709597,-13.789469463058488,-17.587446460780498
2368,-8.271903832518287,-7.422960053615487,-13.481879338046861,-17.39819556549556
2369,-9.03283226090322,-6.97696614679823,-13.100408892745527,-17.19666943120565
2370,-9.735719000793083,-6.52518269315751,-12.636552332479047,-16.96363557829816
2371,-10.402285461294,-6.085261164682486,-12.083545752709897,-16.67145747105901
2372,-11.045446991094975,-5.674995083586166,-11.448402168729015,-16.293678175545644
2373,-11.672541487774392,-5.307517460292211,-10.753974884925293,-15.80977432955073
2374,-12.283865586867405,-4.986810829874834,-10.028893029259562,-15.20348669997409
2375,-12.861573798465509,-4.701098513420593,-9.296090086049539,-14.463999273484422
2376,-13.38224201622941,-4.426154863438311,-8.565519551921223,-13.589073009522249
2377,-13.844698941327836,-4.138939811969276,-7.836031262409268,-12.591513645610565
2378,-14.264701925226559,-3.8247167256173467,-7.104653422280745,-11.501723855578593
2379,-14.650009708929025,-3.4754063691282644,-6.373954936321785,-10.357881488362876
2380,-14.996275688798239,-3.088052193905554,-5.656395119954648,-9.20368745486434
2381,-15.309389709765592,-2.6675605249646024,-4.969261733950534,-8.092007305458763
2382,-15.620008724732271,-2.22806901321319,-4.321228663410159,-7.075111597674016
2383,-15.963979320907429,-1.7880664603616143,-3.707677510223395,-6.1927493318383116
2384,-16.350343666684147,-1.3663611288167334,-3.1139962197974653,-5.468715511157294
2385,-16.73904821754445,-0.9787100524999985,-2.52130877074075,-4.909254642929782
2386,-17.041253684322722,-0.6303611873450183,-1.9213902933669378,-4.50018637366689
2387,-17.155400462767773,-0.3115894185923176,-1.3327655743586009,-4.209492421844753
2388,-17.019201090432702,-0.004444126355080291,-0.7904863792372245,-3.999986148171316
2389,-16.621146632391127,0.30433020380603526,-0.31528532610726634,-3.8429955076285545
2390,-15.975136050189754,0.6200450653845018,0.10168986470812713,-3.722465620331464
2391,-15.117213594227803,0.9435880341247176,0.4897108740738168,-3.627435682283683
2392,-14.118734333160601,1.2680508334289067,0.8821577904682987,-3.553856230921936
2393,-13.081055617508872,1.5767841818521047,1.305348165993,-3.5192359520295278
2394,-12.114498185697256,1.8502844928858775,1.7719632654131794,-3.5623631941127774
2395,-11.31503519860667,2.0698930191106037,2.28334335690327,-3.722348487446745
2396,-10.739358000677484,2.217107922896701,2.834468887522145,-4.013428968930517
2397,-10.39811636169117,2.273477241926018,3.41708257259091,-4.414087399469377
2398,-10.279539223866092,2.218524570277243,4.027715310282382,-4.872048535133535
2399,-10.34411565135448,2.037620034205202,4.665598670551552,-5.327095447394588
2400,-10.501237228216702,1.7354263342542195,5.3198547057817,-5.728524416982735
2401,-10.639136093387055,1.333808029976598,5.968842276100576,-6.0276619643787015
2402,-10.67232740646156,0.8620376853581291,6.589795629064468,-6.175307925625022
2403,-10.572227315174887,0.34762537098346497,7.168525710193755,-6.147898961333595
2404,-10.374682530681115,-0.19004068913335012,7.70330446572664,-5.979620892319644
2405,-10.142973868392996,-0.7371785751824851,8.184877301133369,-5.753205643446844
2406,-9.929812842365779,-1.27919579811455,8.555450083842484,-5.560891853509666
2407,-9.777774059167763,-1.7984785464565731,8.701883374124483,-5.47553867954137
2408,-9.726182438966369,-2.2813988469040645,8.525027818116948,-5.544000988688715
2409,-9.806724829635526,-2.7224661261884893,7.991058807605714,-5.78865867073794
2410,-10.035003515099774,-3.11970625723696,7.087584612221978,-6.1950845653255415
2411,-10.403365743590863,-3.475358172812343,5.770427123875219,-6.71643852023505
2412,-10.894686584736366,-3.80084274246358,3.9466570547030315,-7.307241558336692
2413,-11.512572177587119,-4.112915844936265,1.4595620883863223,-7.941422495211551
2414,-12.267263143199337,-4.420465895411683,-1.9335216013194985,-8.601145074708642
2415,-13.122709427472929,-4.721282903786084,-6.562019472938706,-9.25851254741851
2416,-14.002248942982344,-5.020053897973885,-12.780381442338072,-9.88061659872211
2417,-14.848685366519202,-5.340119354461255,-20.869551888402363,-10.440253277572051
2418,-15.636905152533576,-5.706152511278499,-30.964289228992644,-10.914154136321557
2419,-16.34148690677615,-6.125679067301778,-43.02469085684234,-11.284927845435618
2420,-16.92821087942685,-6.5866622356721445,-56.83657264980383,-11.531512223399252
2421,-17.365421562773808,-7.06588212534585,-72.03713842985408,-11.630944103085838
2422,-17.642750352544592,-7.541712245516752,-87.49688362110447,-11.604849867566392
2423,-17.845619460860185,-8.037017923671197,-103.88264159659167,-11.538003184545385
2424,-18.06685463682126,-8.557591337706734,-121.12811810452686,-11.51124582716351
2425,-18.373622224587976,-9.096232330335063,-138.74739541132016,-11.585219753268985
2426,-18.7877191490313,-9.635080566939275,-156.08652427120478,-11.785330847707732
2427,-19.293552699150293,-10.152154726431638,-172.45554620084184,-12.103392933451277
2428,-19.855704213625476,-10.626558373525802,-187.20759168937207,-12.509959836155446
2429,-20.423001822698428,-11.03930503145237,-199.8289690243879,-12.960289344630821
2430,-20.929947033943524,-11.376085389412138,-209.98246324993596,-13.400330400554635
2431,-21.316176762211757,-11.631391392709459,-217.50611421071795,-13.778922238090182
2432,-0.8128686489462174,-0.5221644091841178,-5.648739251316031,-1.0117081556736376
2433,-1.812384882461512,-1.1831230455318673,-13.977515814549648,-2.001983251419478
2434,-3.1247999577370495,-2.1447783458157272,-26.735995054578076,-3.3685456657755597
2435,-4.673701789611508,-3.4141402552094604,-44.4051123563991,-5.131510477755416
2436,-6.346603895844873,-4.967029680612432,-67.1272285494648,-7.272475356391853
2437,-8.008556728753213,-6.7446174738503215,-94.67664315247049,-9.72622509738522
2438,-9.522490296628543,-8.660994111109,-126.45968804670646,-12.393979976951808
2439,-10.768816176808933,-10.621330142311345,-161.57032273940396,-15.169949862107517
2440,-11.65988450330447,-12.538488436789596,-198.92991461514453,-17.9672289073169
2441,-12.15968906666037,-14.349475680294795,-237.53412853535468,-20.7507145946082
2442,-12.31078184832188,-16.038044731047417,-276.7863372246634,-23.55266261515033
2443,-12.17445122563329,-17.57611077958586,-315.8640148466859,-26.332919583163967
2444,-11.841575620670376,-18.947207707992707,-353.9895693734403,-29.006385667123567
2445,-11.397487210657332,-20.14605273381348,-390.44692794726217,-31.462587676329996
2446,-10.897974014694446,-21.176389977425863,-424.61975969330314,-33.59828076743657
2447,-10.400299777009934,-22.049579311173275,-456.012014829002,-35.362718321790034
2448,-9.986420190497407,-22.782204132628017,-484.2358935897316,-36.78144652861491
2449,-9.748843221411947,-23.39334293431039,-509.00243270066284,-37.922084502008026
2450,-9.771649621895138,-23.90017015589286,-530.1248206487173,-38.83424138828228
2451,-10.111336376564239,-24.314115467529966,-547.5232550088967,-39.53092972900552
2452,-10.782287609493835,-24.64264581069088,-561.2136268818009,-40.01626364207872
2453,-11.761692158369419,-24.89463210897174,-571.2798944203589,-40.30971970951192
2454,-13.009387892999927,-25.08503079333435,-577.85640695205,-40.44260881478889
2455,-14.476666274373748,-25.233638092019515,-581.129435300765,-40.440083553189005
2456,-16.10488897277733,-25.356709629054556,-581.3351551524851,-40.299250233732884
2457,-17.825687758847476,-25.463928875371764,-578.7372523351675,-39.97706200918952
2458,-19.576673199645786,-25.56270805828687,-573.5791000321921,-39.413059083252826
2459,-21.325236871252685,-25.658942399531437,-566.050889512109,-38.57910612744968
2460,-23.059105556498526,-25.7536085789022,-556.3172515621013,-37.51230492415294
2461,-24.75263188777149,-25.839551837767377,-544.5511903666173,-36.2962847092274
2462,-26.35672657769436,-25.89926640637112,-530.9142999394593,-35.01370532093475
2463,-27.82178666994475,-25.904992529589816,-515.5247085958285,-33.71252635167626
2464,-29.107485502907032,-25.823529741992157,-498.4617331669632,-32.392789198942864
2465,-30.16631052743647,-25.62622580325594,-479.7961279734859,-31.009198143294196
2466,-30.942215895230518,-25.298430621424302,-459.60526639793335,-29.501758623190398
2467,-31.38084119266603,-24.841477110092736,-437.9671548290788,-27.848945744771544
2468,-31.441584810637707,-24.270157890137426,-414.9671127560292,-26.07084245241618
2469,-31.11754600733702,-23.608702241287517,-390.7151197104346,-24.18457526283969
2470,-30.443363458977117,-22.88850782265621,-365.34312922515875,-22.18599729026995
2471,-29.47445351675683,-22.14819636801031,-338.98501727478504,-20.06472157795598
2472,-28.266575517073957,-21.426782797896394,-311.76684274629145,-17.823998657595748
2473,-26.87933858749906,-20.75531325688963,-283.82428929325204,-15.486881110124157
2474,-25.38215620980433,-20.151882192916787,-255.32263664964253,-13.09399110913529
2475,-23.85104198150803,-19.616601984321974,-226.46014835615583,-10.69242437014932
2476,-22.338636485577208,-19.131757233749788,-197.45392874254242,-8.314017604647738
2477,-20.85073476384223,-18.66806961671986,-168.5084271431496,-5.973896425868679
2478,-19.376084915143508,-18.194044983316093,-139.79274590795603,-3.695077091723072
2479,-17.917875848958985,-17.684255215837776,-111.42479560070255,-1.525315553488554
2480,-16.49192067924224,-17.122407015705427,-83.44242778603304,0.4624596213909324
2481,-15.106813392766563,-16.498520836751116,-55.76349846681025,2.1892753415159016
2482,-13.751122327775198,-15.80434349748091,-28.15658151747204,3.603989968064388
2483,-12.406276751660409,-15.03475474523045,-0.26696433498307215,4.704116104316189
2484,-11.071156543271966,-14.193498306047113,28.330405531919112,5.538069043502699
2485,-9.76610981101462,-13.293993466004487,58.138133692529266,6.1836125634549495
2486,-8.504045299924949,-12.351376127537465,89.75633442736424,6.709373353614741
2487,-7.266370185865663,-11.372047370343104,123.81451635092341,7.167910882780716
2488,-6.011262046586934,-10.348653555348308,160.8468070497557,7.614321432692025
2489,-4.7041180302123,-9.266440502754838,201.18657065174187,8.098215719752229
2490,-3.3357826951868823,-8.117444297964669,244.91589907321185,8.642601913001904
2491,-1.909522776048427,-6.905611674229574,291.86880934004813,9.24075711478774
2492,-0.42627966323260325,-5.64393865960003,341.6551782174172,9.866301345648969
2493,1.1076785085307432,-4.35208667343483,393.6874646982728,10.48381533413344
2494,2.6582546270819267,-3.0539137691310834,447.2407431190918,11.053487326690242
2495,4.166644718912123,-1.7753693077123656,501.560179988949,11.538378886662302
2496,5.585378811629301,-0.5406023433495277,555.9247940694652,11.918864915132376
2497,6.89870207939828,0.6319587201189683,609.6330466630984,12.204370806971719
2498,8.116441112640965,1.73008632538943,662.0029461904144,12.429066105647122
2499,9.254248656500526,2.7473477351184123,712.4100172760832,12.633033792523605
2500,10.315595321829882,3.683751036671572,760.3190363682003,12.850139674075532
2501,11.304370514022143,4.54707848069508,805.2773154180725,13.106320383839325
2502,12.24553305384509,5.35247506897472,846.8351614812125,13.41879943491655
2503,13.175958237479195,6.116604956256186,884.4713459211617,13.795882804511999
2504,14.111859704734979,6.849728256759082,917.6487614324524,14.231526359432397
2505,15.027129957381034,7.552138815845076,945.9206946539107,14.695958036615307
2506,15.871302183655825,8.21754935426733,968.9765839522095,15.138137682262593
2507,16.60259124832058,8.838414844482426,986.6461432276847,15.502268475826448
2508,17.197970665779696,9.405546462837988,998.88751021592,15.74053828535173
2509,17.641169784627223,9.904793227957068,1005.7744370238908,15.817326657619523
2510,17.916463418643865,10.319685813466002,1007.4862650333951,15.718507190390588
2511,18.015144362400385,10.638518468716711,1004.2746027879014,15.462370597106355
2512,17.946386985645006,10.859433003919523,996.3995226659544,15.094960321091838
2513,17.74626024982666,10.992392519856994,984.0956738047826,14.672172550050583
2514,17.457746083465956,11.058395968131126,967.6066813037528,14.243120355718226
2515,17.100352230385635,11.086176552481392,947.2117302305683,13.839394232898227
2516,16.674984760834512,11.10622972893335,923.2066309660917,13.474458332163385
2517,16.1918570305893,11.145351125989986,895.8993186094432,13.150348109867949
2518,15.6783822298777,11.224499556109754,865.6383331361709,12.858905468534367
2519,15.15160234989878,11.35375350550994,832.8400765092476,12.579665183246595
2520,14.601778172041458,11.526620366868125,797.9927491947268,12.28187612574751
2521,14.010362703139684,11.7237507387385,761.6218362666729,11.933045865327358
2522,13.372687605294432,11.920716855859686,724.2329886037122,11.511786926147606
2523,12.704224957759227,12.093445917878032,686.2807862044967,11.014216878059498
2524,12.022423035008355,12.223395619058039,648.161416712666,10.451862874369157
2525,11.328654150572316,12.300609560285235,610.20414341678,9.845960208216985
2526,10.609808080616842,12.3229715100543,572.6568929352903,9.219754494551376
2527,9.856161475840254,12.296035577654969,535.6772807279737,8.59304967899976
2528,9.076210126350247,12.233589943441181,499.3488704204075,7.979831564493147
2529,8.288878479497628,12.155842518875847,463.72051363999805,7.388340690576021
2530,7.505645859088278,12.083639028864015,428.83758317191587,6.82294172669206
2531,6.727581544189083,12.031599844730403,394.75208804331555,6.284270138964457
2532,5.969428347047794,12.007082035382224,361.5271701619539,5.771237481463716
2533,5.269345597197578,12.01314765943987,329.2361934234889,5.283179745011243
2534,4.664362891765669,12.049569616536296,297.9622277142291,4.817765997474164
2535,4.17015565588855,12.11192332116275,267.7961849573225,4.371832024540308
2536,3.7817735224397437,12.192961027986557,238.82177983092058,3.946206434041412
2537,3.4934429410947034,12.287596677116774,211.09803609185425,3.5487994608246343
2538,3.3112846740519797,12.393734809496076,184.65250401028538,3.193641000546086
2539,3.2404153522938124,12.507241148483276,159.49705094488942,2.898545634156712
2540,3.269933383233979,12.620812081747342,135.64025791983173,2.6833194823120308
2541,3.376046204997918,12.727539287804726,113.0769970676721,2.5667808047466263
2542,3.540802046965365,12.822063141885293,91.78307313519313,2.5625612450900674
2543,3.76166458331234,12.899541969800438,71.72370007639445,2.675429081372629
2544,4.041502426752565,12.953910795720255,52.86669603258547,2.900558990263602
2545,4.371762207922779,12.976519217688963,35.187939281299734,3.223368785855495
2546,4.728096874319599,12.959501696346091,18.660086998542234,3.6183994831256423
2547,5.086006662983892,12.900577015177703,3.2421982452820615,4.051797645246922
2548,5.434543080064685,12.804349428883645,-11.11163769994692,4.4889348952039665
2549,5.774509336273694,12.678632337185546,-24.444669208634195,4.903497905775018
2550,6.098104982044132,12.543618781271354,-36.48390758565071,5.264884587281551
2551,6.398478450492686,12.378805371480206,-47.837122603048286,5.599750915821303
2552,6.672884660626287,12.178661169824329,-58.7519911422057,5.925776443846234
2553,6.926637902929321,11.948473421513482,-69.23145280526151,6.250398393400169
2554,7.163358018107441,11.699877805206746,-79.11886878554591,6.573124531651107
2555,7.375344580026757,11.446822004588716,-88.17660323358096,6.890204965221156
2556,7.548581011023069,11.203001604713284,-96.15438361108362,7.195235105641297
2557,7.678043564556658,10.980796587662178,-102.84022984021375,7.477593482757064
2558,7.770113762859116,10.789820739554296,-108.09626252070113,7.7235408557059975
2559,7.8335500216814475,10.636716506628462,-111.88319756251066,7.920128862834942
2560,-0.07450756881002032,-0.25081393951351394,0.6345662479903045,-0.21172507410308228
2561,-0.23983416869620558,-0.5208067541804435,1.3884325859787232,-0.5149084749096758
2562,-0.49722363757796706,-0.8858500423664492,2.4405528057527395,-0.9458093831408749
2563,-0.8754886292171432,-1.3373299376713643,3.7687061189595856,-1.5056117817167425
2564,-1.3844879149114813,-1.8599367661467394,5.315703790797042,-2.185502042285755
2565,-2.015553710317101,-2.4340459355949813,6.993616550188549,-2.970314800735632
2566,-2.7626318678470234,-3.037066479286081,8.692909487840527,-3.8475065802285844
2567,-3.630308145604404,-3.6441418734983224,10.295804964466226,-4.809118072912703
2568,-4.623403489043537,-4.233444595930069,11.69704930601903,-5.8484537108636205
2569,-5.732512485599873,-4.795151697639839,12.830718584988949,-6.960397779317555
2570,-6.937195056426268,-5.339970416048537,13.699976371081748,-8.148576559277652
2571,-8.219120019490749,-5.871855795518458,14.309124553403162,-9.40603170381225
2572,-9.560189858513217,-6.394377975895092,14.680822379809804,-10.71259962561068
2573,-10.927247395458568,-6.910117308571713,14.849117585083581,-12.031480764316415
2574,-12.268440821352227,-7.419315106449797,14.854548384777681,-13.318653588541826
2575,-13.534457919627018,-7.9178624275901015,14.738598161506728,-14.537243457094643
2576,-14.700388902696382,-8.400010329013837,14.534411953963112,-15.66469133094721
2577,-15.765954530238648,-8.86380333880887,14.257676244034684,-16.695379009942755
2578,-16.7320943313348,-9.311072123177459,13.908069661703298,-17.636560369110626
2579,-17.58469405325972,-9.742670818666458,13.473871605334194,-18.497691020543193
2580,-18.30472652904654,-10.157920757146053,12.93524892989602,-19.28523193994712
2581,-18.886027520157636,-10.556849538203277,12.274907664867131,-20.00260219922802
2582,-19.340695835231674,-10.941138448471966,11.490078207915833,-20.64798529524673
2583,-19.679323520542106,-11.315947559957742,10.598094855427066,-21.209845422616187
2584,-19.90000644824083,-11.69007798337548,9.635604311363132,-21.669191954384015
2585,-20.001521204641634,-12.07125097732045,8.65057484934943,-22.00857936137662
2586,-19.998175814779483,-12.460739621227225,7.691065299240101,-22.217553870229594
2587,-19.925258030308427,-12.854611783381522,6.799418505259825,-22.29695511607551
2588,-19.823676619925575,-13.249323612556509,6.011693721931798,-22.263758722475295
2589,-19.720994461582247,-13.643667066104538,5.355237513123578,-22.14678717368514
2590,-19.624239639739017,-14.036437764326214,4.842421397079915,-21.97135387993273
2591,-19.53278270503616,-14.423892632502078,4.465901577479839,-21.752673095746957
2592,-19.456721598049572,-14.799983870550697,4.201700798424129,-21.50230379732397
2593,-19.40451796728452,-15.157106449272199,4.022308621662379,-21.228755536600445
2594,-19.361875076639798,-15.485643786561694,3.9142198213642048,-20.9312802233786
2595,-19.295476878593735,-15.7752715268402,3.880559087959041,-20.59813395912198
2596,-19.180633125952923,-16.017584661738873,3.92730041502388,-20.213894943940616
2597,-19.01987772811141,-16.206985755853136,4.0559891183645895,-19.765702449025678
2598,-18.82976329353987,-16.33934889782397,4.261111310085571,-19.24514717459141
2599,-18.619741468584376,-16.41145547446891,4.525507759140791,-18.65279612316393
2600,-18.38574042216455,-16.42151905687608,4.8201632344904475,-17.997125330648302
2601,-18.12332448702904,-16.368564151002225,5.107385252196992,-17.286278931346967
2602,-17.838450002134515,-16.252180340760333,5.346923794515728,-16.52975756982402
2603,-17.542708448302815,-16.072709618798903,5.503070981128649,-15.74692458888394
2604,-17.24011471169143,-15.828964685895636,5.548803011396527,-14.962916344696804
2605,-16.918348354646874,-15.515227480483142,5.466589309497768,-14.197118853252126
2606,-16.566920115569122,-15.123763104676726,5.249417203499084,-13.465597810903034
2607,-16.201085930882613,-14.653107664029145,4.903942676097737,-12.794367796429222
2608,-15.855854940321375,-14.112982095918463,4.44932787888645,-12.218828893211855
2609,-15.553090982338443,-13.521532183822655,3.9099559199464453,-11.763569779522879
2610,-15.2848336218443,-12.899297271145652,3.3069751576596795,-11.429428064295344
2611,-15.035190085976517,-12.264981811989657,2.6497426245274474,-11.203544671816221
2612,-14.797524738143311,-11.633736259291215,1.9334465011638857,-11.071342687773445
2613,-14.561715521627665,-11.015674715869734,1.1493023726772282,-11.017262740389379
2614,-14.294774698835482,-10.414545620268914,0.296489897613303,-11.021081891432594
2615,-13.94601288375628,-9.828199035942253,-0.615939138423487,-11.056377410459975
2616,-13.478099414988165,-9.251634695055893,-1.574082839476453,-11.095216632291068
2617,-12.893680258528358,-8.680869784586097,-2.565101797031121,-11.116950430069423
2618,-12.233233915821872,-8.115520500942738,-3.5793637406437644,-11.114499574365015
2619,-11.548875629467238,-7.5592936697884126,-4.608697560626826,-11.09040115234597
2620,-10.882908582614865,-7.018038040470012,-5.644566295218665,-11.04589286558981
2621,-10.269072817679326,-6.498706151547795,-6.678646095051747,-10.97954754347372
2622,-9.742442446057634,-6.011027195651296,-7.704847447991802,-10.893213576689702
2623,-9.332223134533256,-5.566052737525187,-8.718996243100381,-10.79018077360952
2624,-9.032132249304544,-5.171253295394443,-9.715376628812585,-10.66128661440402
2625,-8.785876081557182,-4.829173099249479,-10.68126454155191,-10.475552428321457
2626,-8.515812716613661,-4.539166325812138,-11.59435420803539,-10.194605584030814
2627,-8.164873356221442,-4.297677257244083,-12.425623385113031,-9.794580548425829
2628,-7.713371938818333,-4.0986991471960526,-13.145854352321372,-9.27046894687296
2629,-7.166574300921811,-3.935587832040937,-13.736451604500942,-8.627994392277774
2630,-6.5421391474850354,-3.8024797442596183,-14.198992992126575,-7.882025215825403
2631,-5.868737559831117,-3.6939841236622284,-14.553114277129147,-7.058668160921345
2632,-5.185148751955438,-3.6048400908406966,-14.824336686421631,-6.192619338586346
2633,-4.535553689281539,-3.533112608358422,-15.033791168095346,-5.323630817011628
2634,-3.952943135082058,-3.482889416857007,-15.194389881524877,-4.491961106077895
2635,-3.4444066553037835,-3.4621056318203713,-15.308739597941198,-3.7312333995763023
2636,-2.9993326495836907,-3.4789304608615996,-15.369104121788281,-3.0609420378789856
2637,-2.60437681168829,-3.5393952324178417,-15.366210712247751,-2.483858098907663
2638,-2.2469990738818217,-3.6446934792692116,-15.299463980356174,-1.9880807865721408
2639,-1.9124418459526442,-3.788385086136465,-15.176347613592377,-1.5513516526225966
2640,-1.588792759009193,-3.9574246625711225,-15.009610678347245,-1.149730488845339
2641,-1.2783460856368782,-4.134585814012452,-14.817085427545127,-0.7690581535356482
2642,-1.0055715292639058,-4.298171432987029,-14.619744012344675,-0.41447896979453497
2643,-0.8112179590445238,-4.424917070928593,-14.435942196746984,-0.10570608472096779
2644,-0.7251375888245606,-4.497304320119922,-14.27154535831104,0.13403576142434737
2645,-0.7466506412612042,-4.50593971104087,-14.117544601924317,0.2758323209500205
2646,-0.8507105554649668,-4.446265327635464,-13.95754094690664,0.2892007552641189
2647,-1.009130331087054,-4.317964772022165,-13.776602160304263,0.15900059205362593
2648,-1.2055836156889497,-4.1265697414755875,-13.567106873466676,-0.10946721487868086
2649,-1.426895451776453,-3.88012617436878,-13.329912819097245,-0.495866518572295
2650,-1.6462709097363528,-3.582603446165704,-13.071576976627274,-0.9661247956846154
2651,-1.825823374351924,-3.231226909686295,-12.803187910692676,-1.4737634059781684
2652,-1.9396366725635688,-2.8196691558354656,-12.54486929193878,-1.9675171370444569
2653,-1.9874433015628286,-2.3422590841521576,-12.325532895317496,-2.4013398972031554
2654,-1.9864933094298909,-1.7966487965081213,-12.16946816332158,-2.740354218896787
2655,-1.9545945993468674,-1.1873785877446457,-12.079105929511263,-2.9629076074767986
2656,-1.893092682577041,-0.5254504636223224,-12.034182730343721,-3.059373017962513
2657,-1.78820214269497,0.17731822833050845,-12.005273352582613,-3.024960336097421
2658,-1.6285258238114648,0.9087451948040097,-11.964553688908763,-2.8569861901644766
2659,-1.4144396442719365,1.650867530368621,-11.893741848562529,-2.5607780194409515
2660,-1.1479982024038302,2.3785366511873574,-11.788418877055822,-2.1513970223218966
2661,-0.820268348034519,3.0669197300828523,-11.65672864942266,-1.6472218101701157
2662,-0.419027158625347,3.6990860530472096,-11.511430372308197,-1.064500317369962
2663,0.059189991734844516,4.266005580754357,-11.356678580379288,-0.42330488832379826
2664,0.6036188123534809,4.765164299949303,-11.188447385195923,0.24176024410243324
2665,1.1983144141417676,5.199800443228306,-11.009480161434652,0.8880634359454999
2666,1.837486892339105,5.575245509839297,-10.836705264259257,1.4842039712899968
2667,2.5148587272902283,5.892975714583365,-10.691834982968299,2.0155860909230663
2668,3.207750370094096,6.149600419027058,-10.584933518974742,2.4770831774290443
2669,3.878368154496794,6.341724015977638,-10.50834471762611,2.869392288774509
2670,4.485668224245293,6.46726366047638,-10.444998786926389,3.199184556751943
2671,4.996263482483782,6.523281239579979,-10.382290069407274,3.475834005703803
2672,5.3779475698181525,6.505675994590804,-10.315779360772083,3.7057695194668128
2673,5.583589044790243,6.409159785699777,-10.24151299662147,3.8860334334790303
2674,5.555451630130709,6.2259153679761585,-10.154437649820304,3.9965178862931787
2675,5.254931262957384,5.950215952357427,-10.051165067621282,4.003721647509457
2676,4.68556090278643,5.5859455571778165,-9.928576386038237,3.875500389205731
2677,3.8946468491434274,5.145493878640278,-9.787236831110233,3.592926008863446
2678,2.9669741680132637,4.64976165101375,-9.608560330575282,3.1925648477442343
2679,1.9246211791884913,4.103177894003167,-9.476593443309186,2.640409446116968
2680,0.8241086918037637,3.5234474727699636,-9.447974978321877,1.9488537316525223
2681,-0.25676800456248533,2.937316521850962,-9.551178686217753,1.1631875979494424
2682,-1.2426858163598762,2.375720023255614,-9.782394455497151,0.344719882906664
2683,-2.085861064483532,1.868613905286712,-10.111558593663156,-0.4450821358148057
2684,-2.768889487457591,1.4404557635293427,-10.49798542257235,-1.1551362249337542
2685,-3.286251069796555,1.106088501288423,-10.90141730175186,-1.7483173751344248
2686,-3.641461926701842,0.8675883038940352,-11.28539861058975,-2.2032007368550954
2687,-3.8551278912537352,0.7156946480488987,-11.616557276855614,-2.5166018908483507
2688,-0.37904929805581034,-0.24314781254053303,-0.18858227296617652,-0.5671253987795162
2689,-0.9188630259006556,-0.5537284763722532,-0.47886760682730406,-1.2198155720183772
2690,-1.6965107182412906,-1.0058273783204965,-0.9496969745167707,-2.134754351823365
2691,-2.7174521264430487,-1.603111168702462,-1.6276221218683649,-3.3041757488686994
2692,-3.955454345696012,-2.3360592626692176,-2.5209829258077363,-4.700945519275106
2693,-5.3552728306642265,-3.182650160684089,-3.618639919290596,-6.280537931307558
2694,-6.849696998583748,-4.111116243965059,-4.892156945789088,-7.985178416835527
2695,-8.371147183801028,-5.084764244468776,-6.301340168670796,-9.749987005551057
2696,-9.857934601600787,-6.068106000851907,-7.8001482232862,-11.512848886623955
2697,-11.26334119003956,-7.034275889483374,-9.344334433296456,-13.228626021040647
2698,-12.573446490512422,-7.974866257993689,-10.903494486758104,-14.890980919844322
2699,-13.777463981183173,-8.873922706430621,-12.437780085574627,-16.475558368476154
2700,-14.869762055714554,-9.71813515500446,-13.911258594205325,-17.958777911586914
2701,-15.835091778602116,-10.494664129202569,-15.29690557815167,-19.30929438702262
2702,-16.64318422617903,-11.191720755810422,-16.583305371622107,-20.488148778582158
2703,-17.265015684655186,-11.801685194501252,-17.77020321781573,-21.45532145185299
2704,-17.6922318755736,-12.32272232819188,-18.851406117893777,-22.17555653938708
2705,-17.94442595437572,-12.757781409593457,-19.81307302088353,-22.629405369393012
2706,-18.05752479126824,-13.11238427229987,-20.64546898249938,-22.828690201352448
2707,-18.06313877976898,-13.395047498258798,-21.344667351723583,-22.812643111992244
2708,-17.988782931144673,-13.617264144127343,-21.909087287289612,-22.624290564736775
2709,-17.87000597565878,-13.789947856184014,-22.338374543151073,-22.304653362184734
2710,-17.748615399833696,-13.922860544521006,-22.631346936657945,-21.90338274410969
2711,-17.65284978646917,-14.02720764392609,-22.783735785368844,-21.474534580233414
2712,-17.58343121332335,-14.115913559138882,-22.790919385379137,-21.062812725441535
2713,-17.521822613028654,-14.202813838466371,-22.655731055175178,-20.696484671922402
2714,-17.442491359936483,-14.302503172667826,-22.393353212836665,-20.385138822728038
2715,-17.328296727685107,-14.428905351070924,-22.028547007171642,-20.119331193452048
2716,-17.183260774280196,-14.592615567165259,-21.589896924442385,-19.874748928508904
2717,-17.027651012205776,-14.799299181377636,-21.106106503106766,-19.624040606174283
2718,-16.889701585428718,-15.050654412988475,-20.60338614998973,-19.354103864028815
2719,-16.799633765703735,-15.344509728240192,-20.10199305553496,-19.071538306893924
2720,-16.77396977018928,-15.672240791220238,-19.61442510700318,-18.792895548781026
2721,-16.796454974234,-16.019101464831486,-19.148405623019404,-18.536723679851885
2722,-16.816792378501347,-16.368270599241743,-18.706443236207445,-18.317378617125236
2723,-16.7692109898254,-16.704250984412454,-18.278430144973804,-18.138246587446236
2724,-16.594446222589728,-17.013267279808797,-17.846165054408814,-17.99281247660962
2725,-16.24457152536861,-17.282619704511646,-17.399638208159555,-17.873351864645688
2726,-15.6796188958442,-17.503146806076213,-16.941883940929415,-17.769935434130925
2727,-14.871516475047121,-17.669465188241006,-16.48230949420598,-17.65876280092184
2728,-13.805201400457882,-17.776603706776186,-16.03145436466711,-17.503769129760112
2729,-12.493254303242953,-17.82108061997521,-15.597829098957687,-17.274428933318617
2730,-10.994066218397847,-17.802088272673405,-15.18408709431159,-16.95795256185075
2731,-9.391335484216498,-17.718134684676134,-14.78748439399309,-16.55367180838052
2732,-7.756096102377104,-17.564434755245653,-14.404554141365796,-16.06242756429392
2733,-6.128785036687046,-17.334905764826598,-14.03406041536407,-15.483285106411813
2734,-4.534411424910684,-17.02539904706402,-13.676742723618444,-14.813699143464243
2735,-3.0086452283569054,-16.63387521014635,-13.333609103371804,-14.050483968498598
2736,-1.5968806342755075,-16.159678388775607,-13.004623653514765,-13.191050863858669
2737,-0.3391519718509244,-15.606500655585746,-12.687403731879659,-12.236899142098675
2738,0.7398981187329658,-14.986085340108547,-12.377518284052154,-11.198411657384447
2739,1.6322168967953756,-14.313882122359786,-12.072824813501922,-10.094947691677003
2740,2.338828013364012,-13.601348324894897,-11.77865487326913,-8.953019977988628
2741,2.867088715195906,-12.854494485578563,-11.503172580706698,-7.803236932076658
2742,3.237348680315575,-12.075697773307319,-11.245859307159039,-6.674086840755774
2743,3.4888181486287246,-11.26410596413768,-10.997535802416552,-5.587692516989332
2744,3.66500507162992,-10.414664462565142,-10.748069550749573,-4.5613125021399465
2745,3.7854831267671027,-9.518479810303571,-10.488330205995075,-3.609780859772246
2746,3.8453358937398057,-8.566986890003127,-10.208898869486532,-2.7426209685568272
2747,3.8450823839145776,-7.556781842232225,-9.901807684477111,-1.9596996212204114
2748,3.799574330426665,-6.492256940334318,-9.566330072117541,-1.253533086216652
2749,3.71471430050264,-5.38708319548601,-9.211874618462023,-0.6187924053121294
2750,3.5795613790739385,-4.264164977527644,-8.854362688053744,-0.05274745070249513
2751,3.381189932795404,-3.1540929892645053,-8.51003406452136,0.4545306107820679
2752,3.1191443257069245,-2.0915870761784956,-8.19120844850846,0.9187319281718055
2753,2.8079118608116014,-1.1089078641657353,-7.905387950514414,1.3509726239919875
2754,2.461875828962047,-0.22933266866267002,-7.65394142093564,1.7514803681793352
2755,2.0793735788591925,0.534144070263939,-7.4287268582536905,2.1085416011840703
2756,1.639926854744144,1.1730898272910886,-7.211353706405078,2.3989313209807244
2757,1.1171260711920434,1.6785267525265597,-6.9762459350310815,2.589663419070909
2758,0.4912266897306514,2.043381310780658,-6.6956399997678675,2.6443635008931032
2759,-0.25276993151423494,2.267694759775556,-6.346487260459967,2.5295913441541735
2760,-1.129631400632165,2.360223801990002,-5.916983783994924,2.2195724807894517
2761,-2.150357395288948,2.335445590806185,-5.411852160113479,1.7051040693149146
2762,-3.304323854134355,2.2089347285343144,-4.852660114380883,1.002966961790775
2763,-4.550738165241709,1.9958038332646222,-4.270549920437872,0.15339470451974982
2764,-5.837279599734277,1.7115086756853044,-3.6954476442785023,-0.7916367308557736
2765,-7.120761239117419,1.3711874020171355,-3.14601989568761,-1.7773985787696722
2766,-8.371574502430711,0.9891646535828272,-2.6279350065293534,-2.7538243541038376
2767,-9.564354287698098,0.5792379738725622,-2.1405362386940707,-3.6826638280494346
2768,-10.672492015834226,0.15591992826547063,-1.6823290440466672,-4.543136661810619
2769,-11.673879402768495,-0.26361301856609515,-1.252775971161344,-5.330598232956488
2770,-12.561265873495309,-0.6630876779277745,-0.8538407216468089,-6.046414293378183
2771,-13.34540813114714,-1.0318593702941719,-0.4918038373239093,-6.692402595326813
2772,-14.035069613054485,-1.3632307604431062,-0.17697687593845038,-7.268667419327768
2773,-14.615475206024861,-1.6512816491083095,0.08112594046326511,-7.76808906946508
2774,-15.057922519948773,-1.891382919491822,0.28116892749427874,-8.176699771821381
2775,-15.342486952353516,-2.082519423918242,0.4319436026346111,-8.482889106815113
2776,-15.463585310966836,-2.2277890406006513,0.5474410211971643,-8.681240164118277
2777,-15.419899170641933,-2.3317103357531535,0.6414789685236403,-8.766936272503878
2778,-15.204820138794169,-2.39488438514926,0.7261600946235557,-8.736212641160959
2779,-14.809855191789127,-2.4121403128611933,0.8097327786144359,-8.592796373619882
2780,-14.24361879522013,-2.377346549834086,0.891026671442812,-8.349457861257648
2781,-13.542468599086071,-2.2890071303995194,0.9573891141488249,-8.02799230096649
2782,-12.756861757435486,-2.151727580499327,0.9860521679024121,-7.659331660882268
2783,-11.933073812068434,-1.9742364189357502,0.9544625285792364,-7.277551425628077
2784,-11.10337821116685,-1.766593723881052,0.8572705400516986,-6.9093878219264715
2785,-10.287601591015871,-1.5383516406259659,0.7081721931068475,-6.56558447338262
2786,-9.495265446678237,-1.298017002748992,0.5304022968332467,-6.2402232730166025
2787,-8.72417718281021,-1.0513207888575362,0.35279522648395645,-5.91448644729667
2788,-7.956070758886169,-0.7993936557023938,0.20927831502389763,-5.55741417279376
2789,-7.1556877910533885,-0.5406879532297891,0.13109237858588152,-5.132632281377706
2790,-6.29500733075232,-0.2741866400452927,0.13447382980676617,-4.611021156893273
2791,-5.376937454148356,-0.0014997919920939871,0.21496871555068436,-3.9756355160485306
2792,-4.436415398309371,0.2706085818051469,0.35105127480991427,-3.2231122515149684
2793,-3.5292943018743106,0.5279778555797137,0.5149194194042801,-2.371229820562333
2794,-2.7128085145389003,0.7500063867562211,0.6824825641054382,-1.4646428040577577
2795,-2.0393864309824723,0.9129323115414105,0.8365061406206838,-0.5672501786190729
2796,-1.5606780285546684,0.995936674652036,0.9656810562770185,0.25469958587589325
2797,-1.318304438870196,0.9892934355342371,1.0646377561886753,0.9481124518060325
2798,-1.3230446055542648,0.8961616414381188,1.1339313824002606,1.4864844782672313
2799,-1.5430672903929763,0.7283901087071171,1.177293633532432,1.874291551564346
2800,-1.9211655847449116,0.5028718194270845,1.1982717407654306,2.136416052237274
2801,-2.4029459564794475,0.23862484101759673,1.195185365293273,2.305290237114823
2802,-2.9481510395201145,-0.04672334023119854,1.1636141319130666,2.412481135222647
2803,-3.5205972203385096,-0.34023102308337383,1.1077186930900036,2.484593962635472
2804,-4.078585542800069,-0.6332446917762176,1.040156305147175,2.5444033636777386
2805,-4.584250042327717,-0.9177770154838133,0.9751029819305006,2.6099946457776233
2806,-5.039573442241709,-1.1913476528707294,0.9417416004423858,2.6973539589045883
2807,-5.420846351636702,-1.4393215855876593,0.939546236882855,2.782904789928218
2808,-5.709741828405385,-1.6519133831849118,0.9684153577700292,2.8467982067208193
2809,-5.886262058634206,-1.8219558530623141,1.0243089503995806,2.8743991111525267
2810,-5.943919817126261,-1.9442464575349558,1.0970914452866636,2.8610798934541624
2811,-5.90242627129948,-2.0176564702741806,1.1719446530034456,2.8125324634997284
2812,-5.797897588117733,-2.0469785009543013,1.23362620988353,2.740033486839535
2813,-5.659090789294562,-2.042144678836024,1.2707865908348945,2.6570592459624733
2814,-5.503224961077114,-2.015966586523755,1.2796007786754227,2.5760316189285235
2815,-5.34888566348189,-1.9816331610032019,1.2644861707270931,2.5050760981976805
2816,-0.3935427008046999,-0.3316427743152816,-0.5124521466242709,-0.36813934819848193
2817,-0.8816000508846082,-0.7283943013956382,-1.0761100098593082,-0.7953613794575253
2818,-1.5772924121619045,-1.2923444281587577,-1.8757273611750391,-1.4080992169114566
2819,-2.479257020776791,-2.0220855293020517,-2.9203454262501505,-2.2143441379993485
2820,-3.5546607135568844,-2.9010119137175305,-4.201081194217859,-3.2043107670451234
2821,-4.751147119956926,-3.9004071673079546,-5.69226560923666,-4.351301909716453
2822,-6.020288078046758,-4.984295146620093,-7.354899157673477,-5.618447373931527
2823,-7.326274380379904,-6.11527019062391,-9.14350288548353,-6.964872163438719
2824,-8.641644563015,-7.261232772183686,-11.016647546451196,-8.351628537810715
2825,-9.949089545742144,-8.403993956206769,-12.947383638815555,-9.752258027464492
2826,-11.257663009712802,-9.549855710136937,-14.935830488892567,-11.167870870049212
2827,-12.571870360506296,-10.690212423222123,-16.95156012853838,-12.587018681577732
2828,-13.895704773227733,-11.814025784335772,-18.955058589720547,-13.999908897337507
2829,-15.219001195259878,-12.91076281690441,-20.901741980240548,-15.397856466240311
2830,-16.514819046513264,-13.968336028881563,-22.74545295643467,-16.77104485713889
2831,-17.754457077785833,-14.970314566588014,-24.444984035202346,-18.10625331421924
2832,-18.924308980561513,-15.900110265643448,-25.972767740177215,-19.38801948038349
2833,-20.02091607058549,-16.744016836536165,-27.31396157014945,-20.599810199908756
2834,-21.03502355767891,-17.488549148779555,-28.459787726192737,-21.722169440084887
2835,-21.948961709838482,-18.122344909427426,-29.41124458469665,-22.73460010837297
2836,-22.754648663153045,-18.64349421399401,-30.185258872449666,-23.621954452309843
2837,-23.46955316904389,-19.05968833071303,-30.811223077391347,-24.378919096918736
2838,-24.121175048059055,-19.381987222524266,-31.322029914910384,-25.008313900985414
2839,-24.71579168876459,-19.62200884265654,-31.753209030904788,-25.514069456278097
2840,-25.23107661589864,-19.79024725356318,-32.15239979385031,-25.89975937078493
2841,-25.635452640709005,-19.891989023939157,-32.57689950167437,-26.1697643368616
2842,-25.905170660789793,-19.925846796440425,-33.073605297810936,-26.322176336063823
2843,-26.029610334309222,-19.88777086791263,-33.660464900404385,-26.349588220606247
2844,-26.009180483843526,-19.778802557945504,-34.31346443643955,-26.250528416384547
2845,-25.85244531096634,-19.609590129999898,-34.958383375706134,-26.037025227413956
2846,-25.585095704305648,-19.396533406145462,-35.47789161610846,-25.737899220212867
2847,-25.258990011461027,-19.15632171477234,-35.74649485274613,-25.39246372874805
2848,-24.93579414893795,-18.90219161354941,-35.68092003749478,-25.037772589288114
2849,-24.65324942713766,-18.639515508677874,-35.262326366738215,-24.699358570832974
2850,-24.41009956321867,-18.364921695099127,-34.52689174284227,-24.385910041624744
2851,-24.185020008811012,-18.071351377770497,-33.54689158258569,-24.090974950652768
2852,-23.955136170408245,-17.752519390702663,-32.40279629903611,-23.79940790771419
2853,-23.693234420702076,-17.402592370071865,-31.161994161827135,-23.488947203601253
2854,-23.359309261308244,-17.017028038790606,-29.874700068298864,-23.129837578259156
2855,-22.90749204653704,-16.59636355095502,-28.57198110837074,-22.691637866481397
2856,-22.31108781919365,-16.146942431580396,-27.259881681548706,-22.15418604871936
2857,-21.579586303418775,-15.680603423536587,-25.912931313323817,-21.5183581692829
2858,-20.75868484961301,-15.2156590406694,-24.48105023745307,-20.811185465869627
2859,-19.910223724309564,-14.772953584002996,-22.921239985131457,-20.07935499523202
2860,-19.083090294745073,-14.366377583833495,-21.23015890789041,-19.37061647412551
2861,-18.3073466737584,-13.996819077773146,-19.451920420307484,-18.714272702596144
2862,-17.6045864531096,-13.654914120522724,-17.66716412529496,-18.118505540057676
2863,-16.987880114797186,-13.326541132701992,-15.977198283398236,-17.576854722359794
2864,-16.44956299064146,-12.995691079522919,-14.478801263087433,-17.075349907824066
2865,-15.961051090754244,-12.65143028763413,-13.228752056014788,-16.60231189542358
2866,-15.493140124129512,-12.29588244207761,-12.231014267704026,-16.150171771342784
2867,-15.033941897292362,-11.94092016056676,-11.459460489009706,-15.713821741900295
2868,-14.593564255419448,-11.60102608499537,-10.879915174466653,-15.292591226315016
2869,-14.187592676342282,-11.291665336265106,-10.460420729301564,-14.891345852773526
2870,-13.812349884204542,-11.024979930261901,-10.178991371915416,-14.51771582461887
2871,-13.436867885054154,-10.802189819244099,-10.022262908808552,-14.173588685602725
2872,-13.025088243568433,-10.616140478126566,-9.97798252373046,-13.857044840787802
2873,-12.568103391403271,-10.459951601464386,-10.029928679403378,-13.573548517659015
2874,-12.08164778180925,-10.327720469948849,-10.157593625434405,-13.333791598972116
2875,-11.585244125784826,-10.21294882483601,-10.340049499947497,-13.14479432271957
2876,-11.098671652006542,-10.112924633847546,-10.555907610020274,-13.009056561005272
2877,-10.649856677267177,-10.02583837474289,-10.781209092632535,-12.927753232112773
2878,-10.269156077236381,-9.937629122548463,-10.998998036341064,-12.896975455093065
2879,-9.975414496351624,-9.823512538187632,-11.202868402204478,-12.902410764068577
2880,-9.771308071228106,-9.665895264425302,-11.377812646346696,-12.926122424099852
2881,-9.642931051396543,-9.462146104072893,-11.4937621860414,-12.950584570382357
2882,-9.565636938908954,-9.214431499357186,-11.528802655174564,-12.9531562162539
2883,-9.510586893695562,-8.921382415378453,-11.483551633406215,-12.908614770757712
2884,-9.442327267114045,-8.583324032911165,-11.371145597681442,-12.795241486142814
2885,-9.313702677526695,-8.20743351371174,-11.205870390474402,-12.590970748479277
2886,-9.087448690251234,-7.805608315777991,-11.002919918042618,-12.285677766106652
2887,-8.781562654397478,-7.395657563455863,-10.780853471572978,-11.916567702371621
2888,-8.470249933327699,-7.001527405549111,-10.55692347635987,-11.5607468020494
2889,-8.23136914233088,-6.641901383528531,-10.342794969382796,-11.2803948157606
2890,-8.098117674812991,-6.3209899964975085,-10.142092169748759,-11.089948410091461
2891,-8.056492761549368,-6.0318359193842035,-9.948785404586717,-10.964779043005896
2892,-8.068375996799947,-5.760642318806815,-9.759480356632102,-10.855346238738171
2893,-8.096171912770295,-5.494208436221944,-9.566123284822357,-10.711124437581523
2894,-8.135924871702429,-5.236558857635645,-9.321845069805578,-10.522371026820432
2895,-8.216872461823003,-5.015470374413051,-8.950415224050401,-10.320557391964485
2896,-8.366182074776834,-4.8669242568294395,-8.396624111834324,-10.139694494617379
2897,-8.591665155275,-4.813046128050073,-7.654841639555424,-9.992463416763561
2898,-8.892725257365868,-4.859831998293708,-6.752245418873177,-9.875310687820887
2899,-9.27274158597771,-5.011454422607078,-5.719471480365519,-9.78737428065077
2900,-9.730710361162567,-5.267185375558377,-4.598988725709936,-9.733922555584156
2901,-10.243151384848074,-5.603716770944813,-3.475159676932983,-9.712412259575327
2902,-10.77421145970102,-5.978326499273977,-2.470591886207589,-9.710663987017776
2903,-11.305243039392076,-6.347677749174025,-1.704640547603211,-9.715513898955688
2904,-11.826569537980637,-6.675529145658918,-1.2626790590862744,-9.69895915455763
2905,-12.319694591765353,-6.935843381467628,-1.1872742736323132,-9.617052462571657
2906,-12.767034465204114,-7.11888333062753,-1.4699482363068634,-9.453668205181794
2907,-13.153706228608781,-7.225974747885074,-2.06772881799294,-9.234945445579958
2908,-13.474169117292103,-7.2664804128692975,-2.9439070987257807,-9.00171242188272
2909,-13.749630316667915,-7.268426955216048,-4.103865097300345,-8.799292439901437
2910,-14.011545328032817,-7.271662250080478,-5.644765383715658,-8.66973836598618
2911,-14.258096224767312,-7.304254845966533,-7.817223953480489,-8.620973174923005
2912,-14.445595888255594,-7.376848922588088,-11.018640471884765,-8.627498742210973
2913,-14.53510895822601,-7.493379335110348,-15.700688866108207,-8.671571524120086
2914,-14.523908176037397,-7.6538950630345,-22.28831593700754,-8.753824415450124
2915,-14.428225702023022,-7.850737968808654,-31.122558292959575,-8.87536442782835
2916,-14.257921746046893,-8.067096421603777,-42.37741008572582,-9.027450427778476
2917,-14.018807389082799,-8.28030337080565,-55.969886795234856,-9.192616532013657
2918,-13.732911456906832,-8.47105315041358,-71.52683105874907,-9.352129971094817
2919,-13.429459374994815,-8.623381249577559,-88.44134397976018,-9.482776009982747
2920,-13.103402356105256,-8.712942081620415,-105.97025587138303,-9.543582129330375
2921,-12.706821640312816,-8.707956276713395,-123.33117823384445,-9.486136886021955
2922,-12.195077477616996,-8.586559899842841,-139.81405570448456,-9.286736404636207
2923,-11.561340327216598,-8.349609815124461,-154.89571748460943,-8.955213649808385
2924,-10.8348569441373,-8.020674995126141,-168.3028830001576,-8.519136291655874
2925,-10.054820561497591,-7.634444874463596,-180.0144704162351,-8.013419340459725
2926,-9.230184780958707,-7.21602370250021,-190.23461666097558,-7.474510803255503
2927,-8.337580288515195,-6.7769559214573425,-199.32215188818904,-6.930842413894845
2928,-7.363832337636033,-6.329757932485236,-207.6642128354249,-6.3991910498864275
2929,-6.334692042573585,-5.889942436158443,-215.5657883879659,-5.891482597835191
2930,-5.299932073521434,-5.470294640823312,-223.23178157496133,-5.417952795439146
2931,-4.298803429819144,-5.0798399332563084,-230.81352767708202,-4.981912335875403
2932,-3.3512502013247816,-4.723556923209458,-238.44316829401285,-4.575859496283026
2933,-2.47502248232134,-4.4020651252809655,-246.2548220226374,-4.183786241384076
2934,-1.7002448060667208,-4.116309308607193,-253.6565068292232,-3.8210900865918394
2935,-1.023395462663263,-3.8477463786033157,-262.1099634501167,-3.4143144572272006
2936,-0.43288793777195633,-3.5878102603104995,-272.24725559261515,-2.9299398497994753
2937,0.07293477456650138,-3.339056003222185,-284.07623773600164,-2.3721634146790436
2938,0.48088598061410115,-3.1126615071834225,-297.1831597345725,-1.7721020551232887
2939,0.7792538835234274,-2.919114431672446,-310.8916401085482,-1.1679501626247275
2940,0.9790965327632732,-2.7597875893775923,-324.3796799698225,-0.5937778785281135
2941,1.1127415041789943,-2.6286027562484966,-336.80290688144936,-0.07791498766756286
2942,1.2110286207244287,-2.5203013501053086,-347.41243432839343,0.35670008355508087
2943,1.2851753328691709,-2.434749147312788,-355.64780475541244,0.6935029897286429
2944,-1.0672019707818947,-0.7158515597458297,-11.153426990427846,-0.7772830087434683
2945,-2.1460822641685313,-1.4727684465496407,-25.118604430372105,-1.5999412305211704
2946,-3.5903411408049526,-2.4951613354987168,-45.37636034605842,-2.738814385727298
2947,-5.334108051627922,-3.749780743072445,-72.09796242009998,-4.172596122181707
2948,-7.290716964692954,-5.1956990456594445,-104.85667875734121,-5.869299499528792
2949,-9.376370094017975,-6.7885437152133905,-142.6554568559135,-7.790180746085109
2950,-11.517163603372456,-8.472809526361171,-184.04983977263117,-9.88049755311938
2951,-13.64917106765587,-10.186426386634883,-227.34345302767494,-12.072322903910598
2952,-15.72089539146279,-11.8753700530692,-270.8755818734427,-14.29670234533955
2953,-17.714035421203654,-13.51215650111982,-313.4040931993133,-16.501105356192678
2954,-19.68016377906797,-15.117715517225813,-354.5607554696459,-18.676476961893606
2955,-21.62968570446123,-16.68438403603765,-393.60634414012526,-20.77809818877536
2956,-23.558877574471847,-18.197717492092668,-429.8826638078005,-22.7567172713086
2957,-25.44549362128564,-19.633852105344797,-462.8344738427785,-24.564119723214183
2958,-27.25383391508552,-20.963312783685648,-492.016279057767,-26.156364987813916
2959,-28.947460705940628,-22.161203703401387,-517.0829193932238,-27.497812008536037
2960,-30.498743710360518,-23.212320656569496,-537.7842263274056,-28.566657722880883
2961,-31.889723810027718,-24.11393390707856,-553.9736843600697,-29.357179401210743
2962,-33.113495442132646,-24.881487657192004,-565.5877097024643,-29.883608265350272
2963,-34.18718740233735,-25.5483550239649,-572.6123106687988,-30.19080874874565
2964,-35.150486883382094,-26.15189141134057,-575.099735653451,-30.34950295236182
2965,-36.03229117148058,-26.712646896619518,-573.1969619692844,-30.420319529664013
2966,-36.834739229040885,-27.230055128966068,-567.119131220813,-30.43249619723881
2967,-37.53972310409219,-27.69759079576549,-557.1098037561102,-30.394287451641095
2968,-38.10817580586084,-28.107202590839393,-543.434654570041,-30.298369296140223
2969,-38.49123978676177,-28.442875915262043,-526.380020009732,-30.121933296999742
2970,-38.64720174496734,-28.682136040400316,-506.2512969800583,-29.83327447236841
2971,-38.54151493535795,-28.802079886415076,-483.3969146883863,-29.400140776780198
2972,-38.14670010381799,-28.784886018325846,-458.20663194506795,-28.79701945214013
2973,-37.44842202492365,-28.620009339129606,-431.03764824151,-28.01234661262
2974,-36.45859324169108,-28.30414780390997,-402.14135908028993,-27.054937787511076
2975,-35.230683484382574,-27.84105179167952,-371.64281273092496,-25.956670530414648
2976,-33.84891507768776,-27.240087462877188,-339.5620224948879,-24.766298883369316
2977,-32.392477845161395,-26.516444640917385,-305.8579642209029,-23.53100345080367
2978,-30.910753866995883,-25.690419547771935,-270.43738433806664,-22.28126529846599
2979,-29.428429423065836,-24.783528182302415,-233.1148850442707,-21.03160249576094
2980,-27.956975700836825,-23.81459034610005,-193.5911793807041,-19.78426354582413
2981,-26.494262458467986,-22.798427152878197,-151.4878888672782,-18.52717707928131
2982,-25.02688066268276,-21.74865334086968,-106.41988088422285,-17.244995839765767
2983,-23.544323644735638,-20.68189482793286,-58.11817356118644,-15.94280992670072
2984,-22.058060462564267,-19.617908970982445,-6.561752014439742,-14.656484502503623
2985,-20.622437248022827,-18.57496583937165,47.99563042578582,-13.446946404332904
2986,-19.333195244767783,-17.56591206795091,105.06898782636591,-12.38895195293449
2987,-18.285424445999677,-16.59636789369822,163.99596903689906,-11.558870316982897
2988,-17.531106238684824,-15.663002651989643,224.01302991546663,-11.020041506086557
2989,-17.07898840607502,-14.754665554869263,284.32603275164524,-10.808847300008754
2990,-16.917121475034143,-13.860784787779913,344.16051291941824,-10.930593332566827
2991,-17.01781189330065,-12.980033028690414,402.8081862782669,-11.364746674340706
2992,-17.319579291738393,-12.116612823246992,459.6823984568143,-12.066150303993027
2993,-17.719494043451867,-11.269225221123438,514.3585409397389,-12.963968483201002
2994,-18.107757568698645,-10.428397204437054,566.5513333299097,-13.971757221638022
2995,-18.406329937849456,-9.582064800775937,616.0222013229693,-15.000746736467082
2996,-18.567562471486994,-8.720095285337937,662.4701725890012,-15.96832995730564
2997,-18.55315226408895,-7.834083785999596,705.4901819324276,-16.80442903474108
2998,-18.32217809714501,-6.915543750593715,744.6296168474705,-17.459044583855793
2999,-17.841883676040343,-5.955899121916033,779.4821454631998,-17.90948852466036
3000,-17.107089933617353,-4.947405793147126,809.7518731635087,-18.153262069634586
3001,-16.13414561117083,-3.884802663539639,835.2767621289825,-18.193751851855232
3002,-14.935519086679495,-2.7681748675168176,855.9971413362252,-18.033089273778224
3003,-13.51006963860816,-1.6045192793393772,871.9100456411792,-17.667085278144157
3004,-11.858937322884824,-0.4049141456692945,883.0757285292478,-17.081476409222354
3005,-10.006996745128234,0.8174802014617168,889.6286847371559,-16.252755405253403
3006,-7.998359695439229,2.0462090479147075,891.7567480681602,-15.153203286997458
3007,-5.859850111122745,3.2656848751592826,889.6452038907739,-13.754708332151193
3008,-3.583952773481408,4.467859924486912,883.4179086926775,-12.031654378080805
3009,-1.151220029220338,5.652635237998415,873.1472724926016,-9.971655122966322
3010,1.4454833968707566,6.824299126088267,858.9236754318891,-7.5898963813864295
3011,4.1958566173676335,7.987861747407996,840.9286409004649,-4.929885011365508
3012,7.088323395359719,9.146520479414477,819.4560624141354,-2.05270387869263
3013,10.11562561840022,10.299694173098214,794.8691523066295,0.9711000791140969
3014,13.257265435208568,11.439105646913978,767.5455135909316,4.06622959324824
3015,16.467338171304977,12.54399001779177,737.8553332246059,7.1561433271395565
3016,19.678175887062906,13.582339975611966,706.1725847552572,10.169298882412651
3017,22.824593629768195,14.519466394504956,672.8948700825188,13.046192022154006
3018,25.859828929117246,15.326881840003123,638.4478874053523,15.739960068695016
3019,28.743170827270905,15.986875511695795,603.2587593189519,18.21652438920342
3020,31.43247053393382,16.493316206709128,567.7156971420969,20.45335252426894
3021,33.88653270432294,16.85381108803556,532.1438027504375,22.432856986944934
3022,36.076561445206536,17.09540962237411,496.7878858653479,24.14267722170942
3023,38.00436951188163,17.26559757180016,461.802859848467,25.581904211186696
3024,39.696203542221454,17.41786135976558,427.28967709115483,26.760376592179647
3025,41.1713221730294,17.589948277882947,393.3568767926508,27.690794079565634
3026,42.420725572357995,17.794440707510777,360.13748072216106,28.380067780049604
3027,43.41849108611519,18.019083159210155,327.7622002858672,28.827876467865007
3028,44.1432759117163,18.230488956439146,296.34594288059674,29.033731212078436
3029,44.58483663378284,18.38405701154345,266.01153478222903,29.005049418187543
3030,44.73583630331097,18.43474575690299,236.91412187083523,28.763284280025015
3031,44.587952906318655,18.346917250277947,209.2173603422096,28.347620001738786
3032,44.14282211430395,18.102780399856783,183.04420767526415,27.809482308729415
3033,43.42635165626218,17.703908467489676,158.4507858884417,27.199200050817343
3034,42.49438173039755,17.169458224395147,135.42861449964963,26.559038937323685
3035,41.41952489315178,16.53542521568593,113.91892354715027,25.92275295539458
3036,40.27389330754188,15.849396530182322,93.82769404049313,25.313307375859004
3037,39.11748902971955,15.159452643362533,75.03967496538839,24.741325220752664
3038,37.990150119948034,14.501801045172348,57.431234801451815,24.203468133307705
3039,36.90952761641125,13.892885179766754,40.893486031320656,23.680496584665526
3040,35.868046761421155,13.330786243205337,25.358946390922664,23.138204008504378
3041,34.836311942639114,12.802959449898855,10.789738975339562,22.53495688729817
3042,33.77637957645431,12.292762741419827,-2.8582835079620565,21.8357457155854
3043,32.65874719365612,11.782695955495297,-15.647342958275697,21.02298322096323
3044,31.474004655422185,11.25760126504182,-27.657695502406213,20.097356592001354
3045,30.221655821757803,10.709343141738444,-38.985340317101596,19.068817231313535
3046,28.896864675249738,10.137867956124222,-49.72700948290313,17.94647133530384
3047,27.493460665179136,9.547499088754863,-59.96291771335455,16.737570077200363
3048,26.020281967102832,8.946030484595385,-69.7544628368585,15.451926739827519
3049,24.51749139984494,8.347383833465843,-79.15204480472113,14.107543942003915
3050,23.04638691185546,7.77318340492355,-88.19970484637177,12.73699624774034
3051,21.66102876589928,7.248674693302152,-96.93599338241495,11.382362029735729
3052,20.390213734014083,6.793177849873457,-105.38682353445141,10.077280087839736
3053,19.244832930125355,6.4132422334067565,-113.5558669640856,8.837334320158636
3054,18.231168710364216,6.101830223613378,-121.42843736329863,7.669811216601989
3055,17.3500446586454,5.841587705359834,-128.98535082843932,6.5868911461903945
3056,16.58419043399196,5.609422652615342,-136.2090121435774,5.606295900783063
3057,15.890166833429648,5.380668326826041,-143.07379484124277,4.744186618431067
3058,15.215890893793526,5.133846483090206,-149.53715687649256,4.010490752952347
3059,14.527933922683351,4.8565128035972505,-155.55117780320657,3.4055535763510423
3060,13.815033447916948,4.549061130347814,-161.08353314402015,2.9238003766394933
3061,13.071714229027265,4.223171436090869,-166.12305645772526,2.565887678648712
3062,12.30749137680497,3.895826686930348,-170.61837697215535,2.3484301859960706
3063,11.51572282083464,3.5951730188665274,-174.6833331297933,2.2514157082633326
3064,10.73111109988869,3.346797627950134,-178.37390190074154,2.2498792221601707
3065,9.997036835547155,3.16795909572679,-181.7081705477353,2.3144665819608057
3066,9.338616248690117,3.06353131395501,-184.67103796471642,2.412825787651365
3067,8.760412876110081,3.0253139739987915,-187.23017058243093,2.5135513025522997
3068,8.264357585070801,3.034977952854015,-189.35813351426904,2.5917084659996314
3069,7.859836326383454,3.0700454793717533,-191.04334444190093,2.6355790925429194
3070,7.555749701681339,3.111087008139781,-192.29375093730923,2.6489474556235555
3071,7.347932627505541,3.146485896985123,-193.13776354095447,2.642985395433688
3072,-0.15872948975048046,-0.2332613160947264,0.018951344027924907,-0.34675991747565904
3073,-0.2914222789512471,-0.49105377234124725,0.1393980700028869,-0.7340168913001086
3074,-0.49247854076424336,-0.8490841365612605,0.35142203855729925,-1.2743499541433383
3075,-0.77165362942995,-1.310129747187438,0.6636191062742063,-1.9553038166630148
3076,-1.1261998006965501,-1.8747085367560656,1.0731170773202106,-2.7410219773188813
3077,-1.5495819041526981,-2.5371114742097403,1.5669883876497,-3.5791777607771365
3078,-2.037183729744211,-3.2838042184151437,2.1260925261202477,-4.4109748437547065
3079,-2.5836775644450074,-4.094903868456392,2.7267533690161785,-5.180976593413035
3080,-3.1750393098928495,-4.948866256472453,3.339664800614561,-5.8486249230720855
3081,-3.7925630723081962,-5.829899036515934,3.9352263168712422,-6.40096218438205
3082,-4.430225120538269,-6.737771214069094,4.494105576702039,-6.864310229901827
3083,-5.088523507722841,-7.663900000883618,5.006079669582902,-7.265264708079
3084,-5.7582119047858535,-8.598097947151544,5.475665860444487,-7.634686501595973
3085,-6.409138523342477,-9.526641662524463,5.920532689152523,-7.994940651817584
3086,-7.0137394342213,-10.433646469231709,6.361296622473627,-8.354585683207505
3087,-7.568815283580749,-11.30493998099684,6.8125812636205225,-8.713233130931744
3088,-8.082631173687943,-12.12962257598898,7.281867994248932,-9.063952935305565
3089,-8.548917725850409,-12.899623440928872,7.766593546190639,-9.390650770488639
3090,-8.94576889439263,-13.610811442306229,8.250932795537807,-9.671423942636094
3091,-9.253797660994351,-14.26152352438598,8.709638295172347,-9.889173451845966
3092,-9.467965695549314,-14.846947497074156,9.113385726157425,-10.038686111626088
3093,-9.605245219528484,-15.359448449264304,9.430352257778077,-10.1302184516339
3094,-9.691531450183275,-15.794456295990326,9.63115550823756,-10.189605679225613
3095,-9.73785779400314,-16.151687004526295,9.697863834339882,-10.251855722289985
3096,-9.744834313709166,-16.43338222984943,9.628148763814968,-10.353611514577295
3097,-9.720275452934914,-16.642581319060643,9.436042468725411,-10.52691988823841
3098,-9.682317329664782,-16.780621112664928,9.147061965679882,-10.791129403569196
3099,-9.644622219687617,-16.846489348245722,8.787389303791034,-11.146041857957018
3100,-9.606619465665219,-16.83867560171038,8.378467358340231,-11.57387798334456
3101,-9.563124919406176,-16.75749522938916,7.93544639507231,-12.048575336693501
3102,-9.524130972911344,-16.605984145258248,7.465895808786224,-12.54584575342492
3103,-9.525085311792079,-16.389883492190435,6.97295506525284,-13.048078804863467
3104,-9.605279738175609,-16.117655835881106,6.458990755316663,-13.543266154521122
3105,-9.786581917035589,-15.800495963255566,5.922758430703202,-14.022246779884819
3106,-10.073061125425019,-15.451735474894281,5.359022657113369,-14.47850239507861
3107,-10.457102192015007,-15.084313644669942,4.767160679286048,-14.909239776076564
3108,-10.927726371086694,-14.707682748854891,4.153991479978406,-15.313594513844217
3109,-11.467002674232356,-14.327049906597933,3.5295380399538985,-15.688670675033922
3110,-12.035151941260208,-13.9449860348589,2.9055637577497846,-16.026460614015335
3111,-12.569485874800042,-13.563042523861878,2.2917774290562334,-16.311125686855554
3112,-13.013249092501328,-13.182850271900442,1.688553598276862,-16.520612483982006
3113,-13.333369137500988,-12.807442782030773,1.0900545928042709,-16.63401759667947
3114,-13.511274917572235,-12.441649319760064,0.496603111037321,-16.63685299593531
3115,-13.537033380203013,-12.091248301676828,-0.08351853216723995,-16.520835650694544
3116,-13.403843111371984,-11.760991381966344,-0.640716991580359,-16.281867955796688
3117,-13.116101322581502,-11.452276500757073,-1.1675864665367583,-15.92001986948156
3118,-12.702754128218526,-11.162947026811201,-1.6608324995390122,-15.439217990453399
3119,-12.208759475923591,-10.889315660736724,-2.118377743102687,-14.847586678713625
3120,-11.672462560688228,-10.628183630702816,-2.5341857843651434,-14.158838661008069
3121,-11.110779475576313,-10.377026834250282,-2.8996539880433443,-13.390312640919644
3122,-10.536994480925594,-10.13292540381106,-3.206360665192542,-12.561810975026262
3123,-9.979747683207032,-9.892016888439294,-3.4480106146791476,-11.697142076379738
3124,-9.474878957075074,-9.650308177191015,-3.6326392141325488,-10.824316065857763
3125,-9.044796606724995,-9.40559491834398,-3.794674570671483,-9.971168350589947
3126,-8.685570832999417,-9.157372305788217,-3.984272757454919,-9.15642494716722
3127,-8.379531075003568,-8.90397400721565,-4.242349837351688,-8.386714040489771
3128,-8.115690561425847,-8.641691296852029,-4.58345292241721,-7.66132288651829
3129,-7.893851468711121,-8.366025187633351,-4.992242869308785,-6.978221344562022
3130,-7.708907908840194,-8.073822165919838,-5.429073483652662,-6.338159509630605
3131,-7.541428124360304,-7.766580287705691,-5.842532397221596,-5.744824544302649
3132,-7.368031531972825,-7.451358485753803,-6.181846773810113,-5.20281198007008
3133,-7.177885150949112,-7.139439635627222,-6.40614780909504,-4.722093147769425
3134,-6.978346142462101,-6.844799445497534,-6.489189548572916,-4.32419138136297
3135,-6.775621110251676,-6.580667602909849,-6.418482553491207,-4.032809040998739
3136,-6.561674368067579,-6.3550109749852455,-6.2012754990960985,-3.861101833254711
3137,-6.324956089884714,-6.168269133137452,-5.875200336133311,-3.809154465363406
3138,-6.065534579353027,-6.01257505936051,-5.5024052743126495,-3.86365343150418
3139,-5.797938528786609,-5.872243276903264,-5.1502993058600275,-3.9982933388659023
3140,-5.531480869987438,-5.727331044823469,-4.873511738373919,-4.177714858072917
3141,-5.260887275546176,-5.559154589897995,-4.696277264558559,-4.365658739502732
3142,-4.983571240084135,-5.355867161516001,-4.608273951609275,-4.534173344763706
3143,-4.7172727317222805,-5.115083862136738,-4.586214693818446,-4.6723509894789705
3144,-4.5012778519338985,-4.844028086798153,-4.620432620224944,-4.789188406896671
3145,-4.373841042308843,-4.556278813702173,-4.722073917136436,-4.904360832009103
3146,-4.3519187963030905,-4.2649935558553915,-4.912481388695403,-5.038616653664084
3147,-4.436125431799799,-3.979880443009516,-5.210873172691454,-5.20925290328461
3148,-4.626406014224706,-3.707246663956725,-5.626696257047018,-5.426832116698959
3149,-4.9279944138346465,-3.4504843644177603,-6.15476470109526,-5.692997268165424
3150,-5.338106984970941,-3.2116043733552013,-6.77774605022619,-5.998157027770859
3151,-5.829260793135491,-2.991202331733028,-7.471821074171232,-6.320170902498109
3152,-6.352883590236705,-2.78851673854335,-8.210452451927477,-6.63207285874115
3153,-6.863968525222327,-2.602548401796995,-8.963240151760619,-6.915182785409608
3154,-7.341184645600573,-2.4327653288323594,-9.693087272447304,-7.160961628519482
3155,-7.784817495609724,-2.280850537304709,-10.365089304961892,-7.367360103015122
3156,-8.201181242288248,-2.15194345156885,-10.960943473962377,-7.539361879109122
3157,-8.590376381856204,-2.05093852512903,-11.485413583852543,-7.686001018891986
3158,-8.952875312052438,-1.9763719977748424,-11.963978549643434,-7.81354752131942
3159,-9.299915007511514,-1.9185053342372085,-12.428993760672915,-7.9215361132512925
3160,-9.63924614063639,-1.864114101947157,-12.897721446909516,-8.001887082678673
3161,-9.952120863101985,-1.8039612525213709,-13.362919824283678,-8.038402988882181
3162,-10.193281052744377,-1.7357195822566425,-13.800774424254312,-8.010735621542683
3163,-10.318511190605241,-1.6634896725857045,-14.183640347140491,-7.90425235843456
3164,-10.307848429592056,-1.5944243585936235,-14.489488606159979,-7.717226637548109
3165,-10.162704171501126,-1.5350324486822768,-14.702795796180846,-7.458784467982235
3166,-9.894198659023887,-1.4928065724449242,-14.812411227698792,-7.141689294988807
3167,-9.516511733776914,-1.4771558883888167,-14.809800683447175,-6.779559745424272
3168,-9.0547804434131,-1.4944579375103735,-14.687984961254697,-6.386902617502664
3169,-8.551003025658819,-1.542275738989744,-14.451351339572124,-5.978004069819424
3170,-8.050764457798742,-1.608818707684082,-14.123416949882923,-5.566620463192038
3171,-7.582175365369031,-1.6759658412154732,-13.739126474251572,-5.165027049793834
3172,-7.140927008344942,-1.722034051845569,-13.335556704643041,-4.780567831712272
3173,-6.703364834752702,-1.7267495917930735,-12.94695583316893,-4.4154908576880985
3174,-6.253871504412445,-1.6788500655029228,-12.600333868135312,-4.07286647379773
3175,-5.790887029897814,-1.5778893155443172,-12.313026200572072,-3.7622255151472985
3176,-5.311307938811497,-1.4294267799193663,-12.09313163091114,-3.499647818753914
3177,-4.8044778658264535,-1.2402121026094364,-11.945868353418044,-3.3007858127416454
3178,-4.2710732077387075,-1.0149870625022777,-11.881848098184886,-3.171633863271797
3179,-3.732076264798057,-0.757505229062623,-11.911882470733532,-3.1034670445864685
3180,-3.213180694558075,-0.47398679344938466,-12.03454972679559,-3.073498248358917
3181,-2.72225614810823,-0.17281365690769626,-12.23324065792581,-3.0501809355132012
3182,-2.239836218898077,0.1385653362219955,-12.478121652948007,-3.0005741421410144
3183,-1.7371637291156745,0.4574084435868287,-12.726795637784456,-2.8973027832638345
3184,-1.1989119911657349,0.7865774628703093,-12.930647131802811,-2.7213058400351224
3185,-0.6289961251579994,1.1283485889346798,-13.04532050726673,-2.460651280292948
3186,-0.03754123499016711,1.4774092225161823,-13.034156685340264,-2.1124450543248123
3187,0.5692875334744116,1.8224210731056716,-12.868446539222512,-1.6855407556020272
3188,1.182596039359048,2.1526083083796923,-12.535551946265361,-1.1985977836590855
3189,1.780541361908374,2.460823740884151,-12.048631598749889,-0.6757570059192909
3190,2.322454102065636,2.7345848674570794,-11.46095231434869,-0.17082024145042804
3191,2.784848370260848,2.9917480874149023,-10.812046395721579,0.3302883557230719
3192,3.163059694510564,3.243022749336153,-10.15545290618021,0.8308511674589288
3193,3.459199750176134,3.4910988220024954,-9.54815558810112,1.3281790246660563
3194,3.674100494925999,3.731888611945453,-9.037887000993086,1.8142319480365035
3195,3.8114835020543776,3.957738831059138,-8.649175907788996,2.275291566855095
3196,3.8869673767151607,4.16030728874143,-8.380144917353123,2.694279621562565
3197,3.9252788716662996,4.333519349090978,-8.213303406449889,3.055588453597604
3198,3.947066248744062,4.47416042280456,-8.12365042349888,3.3488413661071137
3199,3.958328653458822,4.580540979338814,-8.082650784384189,3.5692245047954705
3200,-0.45840001855713014,-0.25411611425647335,-0.18924762966165878,-0.21372288966851782
3201,-1.0808668157286092,-0.5820338814759445,-0.4114214542519333,-0.592431713538924
3202,-2.0127093770305717,-1.0605715651930692,-0.740907404931965,-1.1789473628870955
3203,-3.2355551937401414,-1.6947796124854086,-1.2010410209612443,-1.9825009126603437
3204,-4.689404353418675,-2.4785832828983394,-1.8076923406238488,-2.9855253532589088
3205,-6.300549472736991,-3.395751952984936,-2.5643970188824925,-4.146938983661498
3206,-7.995533291851098,-4.421166884860757,-3.4609071735188346,-5.41011892448599
3207,-9.700909989586565,-5.523332632276246,-4.471048589810073,-6.7127612249541935
3208,-11.343168786478671,-6.6701472777103605,-5.552526982819525,-7.99493815502968
3209,-12.869195104056127,-7.838695267186007,-6.658878589573532,-9.204283689950886
3210,-14.284425384376968,-9.025494039101241,-7.759397972754877,-10.316092210297247
3211,-15.600054190429468,-10.21514997402088,-8.826821669173766,-11.327922632039282
3212,-16.830754353247613,-11.388991728803633,-9.84298924082156,-12.260862031231731
3213,-17.982090370674033,-12.527624793232627,-10.798551078846003,-13.140978992514514
3214,-19.05700443632832,-13.612380580143506,-11.693667041906265,-13.988064006403928
3215,-20.05833375513066,-14.62416598034819,-12.538893548891656,-14.806663041915098
3216,-20.975099101489672,-15.54594212596309,-13.356584879644718,-15.586844343875553
3217,-21.773193929073514,-16.36850592838399,-14.172897297550751,-16.312014358700313
3218,-22.40596922314309,-17.092845984409998,-15.00097767695284,-16.965545899811055
3219,-22.848188016419634,-17.72845419897031,-15.835925912865028,-17.538490103463502
3220,-23.114783014229427,-18.288570406704533,-16.66014970394817,-18.03025817834007
3221,-23.241140594137313,-18.783517305863292,-17.444135637696206,-18.444958417387316
3222,-23.25589727115501,-19.21838257317601,-18.153814228257925,-18.789121193513207
3223,-23.170242554810038,-19.59489109762301,-18.76993538519892,-19.067708377082425
3224,-22.992835386171734,-19.912035117924113,-19.298923779231362,-19.283908732612485
3225,-22.74828679522203,-20.165135539959063,-19.767381058442762,-19.44288054313116
3226,-22.472705039966893,-20.345203319130484,-20.20650058472975,-19.553098940582036
3227,-22.184516883598377,-20.440243813370895,-20.636013698958607,-19.616648486605776
3228,-21.864951003196076,-20.43831376351218,-21.059677785084745,-19.61297720013244
3229,-21.476608854804514,-20.3306905581758,-21.469145560054162,-19.506048407928702
3230,-20.988296557934618,-20.11417270476037,-21.847256966306876,-19.27124856586793
3231,-20.384392111240036,-19.79313248326445,-22.167351665450788,-18.905364261565378
3232,-19.657764870709414,-19.38125370091012,-22.393119359679147,-18.420181757605267
3233,-18.801811246909164,-18.899751779382512,-22.483986651262903,-17.83315625600996
3234,-17.81965047197112,-18.370611721222364,-22.407811651961875,-17.158005243311514
3235,-16.737046977570664,-17.811198544832017,-22.158948512726752,-16.40843718875724
3236,-15.59960644753113,-17.234240137745914,-21.765071195688925,-15.608949186449086
3237,-14.450634597128648,-16.65012526201521,-21.277290161470237,-14.791733219238285
3238,-13.319762861218038,-16.06851912712188,-20.75625302511503,-13.98516007871978
3239,-12.229873706526064,-15.497428905874909,-20.25472074504742,-13.206219999474444
3240,-11.204346011710808,-14.940973673679155,-19.799340228965946,-12.462427362460534
3241,-10.26864164986481,-14.399429934392638,-19.390133633525863,-11.75905113012951
3242,-9.431745564697524,-13.870802560042709,-19.013159630066,-11.09801352721871
3243,-8.672039579578652,-13.351404392038495,-18.647019721610643,-10.471137583086993
3244,-7.953283854441978,-12.837096750228424,-18.26215651252673,-9.859313577826947
3245,-7.251126515714969,-12.325823012164925,-17.821496316024398,-9.243959090513638
3246,-6.563625424751266,-11.818990941210624,-17.289452902087604,-8.62031369689532
3247,-5.892238543676861,-11.31883064977317,-16.645904279044707,-7.995322207304269
3248,-5.224261842555263,-10.824984002181807,-15.896413527915772,-7.379759470444223
3249,-4.542505537921267,-10.335438996907143,-15.071955500424858,-6.786086391119549
3250,-3.8478769683826206,-9.849599442527817,-14.215603362021685,-6.2281425222887625
3251,-3.1663417492691126,-9.370914853730193,-13.36565382326388,-5.717947374185877
3252,-2.5296439840709293,-8.909551045899912,-12.54766491971772,-5.260900528470394
3253,-1.9561034091752472,-8.481802680191166,-11.777876258764929,-4.853108549347937
3254,-1.4477105353680066,-8.104320293322072,-11.070873856705692,-4.483161894019085
3255,-1.0012615680846064,-7.7887818944100236,-10.441164828929061,-4.139691392819311
3256,-0.6211256118691268,-7.539761296882279,-9.897720399877304,-3.816613251644769
3257,-0.31374952286393964,-7.353993354194077,-9.436916670766989,-3.510975696053246
3258,-0.06618030931759958,-7.220524103667891,-9.03919132987347,-3.2184516347575656
3259,0.16159891156547515,-7.122286558427582,-8.675515164329592,-2.936631430737103
3260,0.4091924060660177,-7.03890928324811,-8.32099435984063,-2.6748869493120275
3261,0.6900868163239249,-6.949231669044117,-7.965300812475971,-2.457056700442522
3262,0.996613636826575,-6.832875304462163,-7.613234687559869,-2.3123060679719383
3263,1.315448033317476,-6.672820576663917,-7.27598695905632,-2.260092165983806
3264,1.635091975920633,-6.459382369125982,-6.9622768434846005,-2.3040933566597266
3265,1.9355711011775378,-6.192799863502161,-6.67724472755703,-2.436566470102394
3266,2.1836649823398333,-5.881284705483179,-6.427398981571831,-2.6384883658087146
3267,2.349898149339853,-5.53685342903665,-6.225324493593189,-2.879955948852051
3268,2.425542064969155,-5.172003910736426,-6.085987606641531,-3.1241918091471073
3269,2.4248875779803916,-4.795674436743159,-6.016580773089774,-3.3286156172047794
3270,2.3663066792194476,-4.411673262502049,-6.009637998020232,-3.4534858852001795
3271,2.250628181331485,-4.021789535771901,-6.04631305958783,-3.476868886373169
3272,2.062808099920804,-3.6289882035550822,-6.106517752084212,-3.3997218383632735
3273,1.792248914581558,-3.2381218406888244,-6.174396798654072,-3.2410673492411215
3274,1.4447786346142533,-2.8556825046534904,-6.239933782349562,-3.0330443276577688
3275,1.0276729734042052,-2.491008349963156,-6.298471316202175,-2.8178230679787295
3276,0.5357547735742451,-2.1583610968506295,-6.344830860253391,-2.637444447195457
3277,-0.035937072180395685,-1.8748233960841154,-6.371003500873882,-2.5194875532798404
3278,-0.6685752086239418,-1.655413032881408,-6.370868493583163,-2.4690726582702798
3279,-1.3139203718711934,-1.5100957159447643,-6.343699588305011,-2.4665030521230498
3280,-1.916001139332005,-1.4420727887074798,-6.295739581915712,-2.4764503745871917
3281,-2.435077246769612,-1.4466229988197932,-6.2391465734252325,-2.4650943166717494
3282,-2.8496989122947225,-1.510707149315967,-6.184440441830501,-2.4080218978940433
3283,-3.141298682698542,-1.614554747470342,-6.132106415304985,-2.289345723527251
3284,-3.2904888478138,-1.7353741740461597,-6.0737958954308695,-2.1033610735636885
3285,-3.291458688730755,-1.8510979500479143,-5.99966071366865,-1.8596306232077582
3286,-3.1629467467249905,-1.9442465657658392,-5.902723050411653,-1.584107294978593
3287,-2.9447986313744647,-2.004539664912004,-5.780510037320336,-1.3105803759999721
3288,-2.6733291363144205,-2.0285796157382205,-5.63940893115558,-1.0662084010049262
3289,-2.363171256376735,-2.019652065108192,-5.499054026242082,-0.8650043697715386
3290,-2.0193698892696754,-1.9883413306351814,-5.38623753129293,-0.7072243046459592
3291,-1.6558082404605172,-1.951687358978666,-5.323860789753533,-0.5816092763025901
3292,-1.3009762491641328,-1.9267822267300645,-5.325614198638269,-0.4726368912247368
3293,-0.982971722436159,-1.9213004915278373,-5.394609795987415,-0.3658055507164178
3294,-0.7135325827769621,-1.932238470810536,-5.522940470261706,-0.25167238127704455
3295,-0.49017793373356194,-1.9514837854548068,-5.691380424393765,-0.12581027744892895
3296,-0.3082333492204069,-1.9681717027836774,-5.873516853024467,0.013798657077148668
3297,-0.16937772319411226,-1.96884343752014,-6.042558451572539,0.16485567459115402
3298,-0.07349303128556735,-1.9402885294656587,-6.174092262352342,0.31963449713408726
3299,-0.013100816718096351,-1.873747624996902,-6.248585653360843,0.46922024264657175
3300,0.019240510580170112,-1.7664066827460718,-6.256528290587216,0.6104744441721299
3301,0.023788814738143253,-1.6209111121715036,-6.201162530518181,0.7481639412412597
3302,-0.008705304266129303,-1.44568180945481,-6.096940666124748,0.8919514148996772
3303,-0.09195102415514803,-1.2541726397808683,-5.969019380521612,1.0536977181684313
3304,-0.23033751303016609,-1.060635629926855,-5.847585371609982,1.2458379882853519
3305,-0.406572885042068,-0.874576847070198,-5.754008399321115,1.4791257882670654
3306,-0.5975430382881015,-0.698754814776477,-5.6937963421555615,1.7582827852980436
3307,-0.7952548194498174,-0.5287992807458636,-5.6642746879299395,2.0800952770197165
3308,-0.9970294418595409,-0.35234555365265485,-5.667215821599548,2.4372506610327855
3309,-1.183699082396173,-0.15530950504043323,-5.710469811978591,2.823302666327372
3310,-1.3143123335975895,0.06673700732559132,-5.800798880740298,3.23342646180013
3311,-1.3514154648782737,0.30678141024448047,-5.938852967125061,3.6628793141960054
3312,-1.2838924305304762,0.5533907203602582,-6.118776833277984,4.104598114477864
3313,-1.1218522528748218,0.7946443185755635,-6.332629258682328,4.545634750551032
3314,-0.8799808471622036,1.0184365652735337,-6.572043962092162,4.971458990387366
3315,-0.5653648736479528,1.213369817983972,-6.824810714820106,5.374671910294724
3316,-0.18898396373474025,1.3715762037970922,-7.073977163949939,5.751394990692432
3317,0.21823266958680032,1.4913969294702594,-7.299745666984645,6.090952800732156
3318,0.6108248951911807,1.580335461844819,-7.495970615255319,6.393761844221075
3319,0.9421781789089877,1.6416030314773693,-7.6130904238348815,6.622219969164981
3320,1.190898874151792,1.6826163365221691,-7.62266479474135,6.759596663193945
3321,1.3488720361301265,1.7111794518072427,-7.517961702454415,6.802264971101756
3322,1.4110494873822466,1.7330223752665004,-7.313068118922405,6.75754763478718
3323,1.3811508033795719,1.7513812664099364,-7.03786991630021,6.6445221904398375
3324,1.2865327939819107,1.7669480117691208,-6.729556907987902,6.489892347802685
3325,1.169622401416787,1.7771692602926712,-6.424956446923357,6.320533759866728
3326,1.0597591556347308,1.7782292396559245,-6.155605485885859,6.159359814482696
3327,0.9644321737863802,1.770439757840081,-5.945110795379218,6.023425889337852
3328,-0.5401229035027826,-0.35689549106157625,-0.8575046601854928,-0.41406985375462235
3329,-1.0205798424192027,-0.7691476940910873,-1.8389784342383826,-0.8629490981424284
3330,-1.670182813011929,-1.3513806458884752,-3.186315987551602,-1.4775256342700926
3331,-2.4661018537473933,-2.1008584666902204,-4.8724157024826695,-2.2369139354209233
3332,-3.3822804108709654,-3.000366783243081,-6.837221258410595,-3.120153300646964
3333,-4.406854318478385,-4.02040512634477,-8.996880213652902,-4.119049421440582
3334,-5.534262011201195,-5.12346638391034,-11.254513816431713,-5.230382637295168
3335,-6.744946839183421,-6.2692182125677895,-13.513137493602919,-6.442624280173862
3336,-8.00130318117017,-7.421747094246067,-15.693159761414087,-7.735997853559006
3337,-9.26651321280977,-8.560492656551116,-17.755374814612797,-9.094242132681167
3338,-10.53244072819393,-9.691872556975238,-19.729465428366154,-10.518217048381723
3339,-11.762443940704063,-10.806776523744158,-21.625817340086968,-11.979866845493099
3340,-12.912912338299638,-11.89272074584878,-23.452357793597262,-13.43849792917357
3341,-13.94584863057112,-12.9357302206046,-25.20313346798402,-14.84332910755988
3342,-14.837108977294806,-13.919495801906468,-26.853989699306204,-16.130177606828468
3343,-15.580765451260916,-14.828328149009236,-28.366230631756746,-17.237917977472897
3344,-16.191680857010233,-15.65634409519684,-29.698671803333,-18.140868739764343
3345,-16.698685269725782,-16.407019460145083,-30.820674862842022,-18.854275852889195
3346,-17.132664640896618,-17.084742589604865,-31.717967830929027,-19.422055040902446
3347,-17.52823673466226,-17.69096752363388,-32.385750785996166,-19.910301273115472
3348,-17.92551050393863,-18.224590713099037,-32.815902873433984,-20.387596533191743
3349,-18.34433683933454,-18.68157105808918,-32.9973978855928,-20.89033713862513
3350,-18.757605987817865,-19.051932497940207,-32.929940253233255,-21.410506768742184
3351,-19.097671957274898,-19.31785422228597,-32.63829797766041,-21.91465836572343
3352,-19.299772903425342,-19.45726766742516,-32.17166018162781,-22.36563349906664
3353,-19.344717269136556,-19.45191550228781,-31.588460326085556,-22.72484830912638
3354,-19.24946247596204,-19.289896330493562,-30.947705389349423,-22.94651349361618
3355,-19.032402968126434,-18.961915636875336,-30.31282951615293,-22.98686271479873
3356,-18.710231764443247,-18.46688179254489,-29.740472587230784,-22.824852262771046
3357,-18.320798763046405,-17.821782985617745,-29.252794905221016,-22.478269865401927
3358,-17.933811258365424,-17.06188956425225,-28.831084699435177,-22.003591367614877
3359,-17.631439520907286,-16.230762208838588,-28.43847215059941,-21.489587486604645
3360,-17.466171361521766,-15.363826181980933,-28.046245480303515,-21.030186922634265
3361,-17.425440074779978,-14.479692739454636,-27.638110728424447,-20.67010245581685
3362,-17.454494873451296,-13.589157189315653,-27.19617653913984,-20.406770296101048
3363,-17.519205278280385,-12.710878175123042,-26.69653262626586,-20.24379692903784
3364,-17.61431882289136,-11.870986405768244,-26.129377743065103,-20.197970970757055
3365,-17.71726323821304,-11.09006632220421,-25.527463677503793,-20.276540646494297
3366,-17.772784443661052,-10.37876335191557,-24.968768170515062,-20.468880797219988
3367,-17.740048548491757,-9.74684155849227,-24.53387762077653,-20.74818245412299
3368,-17.64302098495532,-9.216242974163606,-24.24970826577739,-21.08370730957773
3369,-17.550886037455264,-8.814539812122876,-24.080015947679883,-21.449775916851593
3370,-17.517307696581724,-8.55265637861904,-23.977894106365227,-21.82470509633464
3371,-17.565206403376585,-8.42570363702727,-23.935042293268555,-22.204480618621336
3372,-17.724353384212325,-8.433979479890665,-23.972223317086662,-22.619595270224675
3373,-18.047518617273013,-8.582428970390641,-24.140036390926298,-23.120853755740075
3374,-18.582631305299316,-8.860552542495105,-24.5733852955628,-23.75357301498597
3375,-19.355557988999422,-9.244385019844604,-25.516996891744053,-24.55126195687824
3376,-20.37977463680788,-9.71685320417964,-27.294115001136174,-25.53839018114635
3377,-21.66785126666562,-10.276305540592245,-30.258361764380425,-26.724139131708434
3378,-23.231056437255486,-10.928097712095743,-34.750785784171185,-28.10996624220842
3379,-25.0574221605944,-11.67206848269177,-41.0659840661576,-29.693570680827715
3380,-27.084515965551265,-12.50195982078304,-49.39608446166009,-31.43778592687476
3381,-29.216906241119645,-13.409799578179822,-59.749294982245445,-33.26769222725748
3382,-31.382452059055087,-14.38810098707718,-71.91732155916809,-35.10755950217519
3383,-33.55222055169664,-15.425741896911886,-85.54639601140042,-36.89726204468427
3384,-35.7079356672195,-16.49751709544557,-100.24944105526643,-38.593302202769785
3385,-37.80010628432412,-17.561932892053832,-115.67286449115167,-40.16616327075759
3386,-39.74221234786393,-18.572513204893003,-131.51800535281288,-41.59007357782012
3387,-41.46434902548989,-19.49967812856934,-147.54984357843378,-42.843077173524705
3388,-42.95442820822387,-20.337685797930057,-163.63506270083585,-43.911618887965304
3389,-44.23543654576749,-21.086752122730562,-179.8223285724631,-44.77861113554519
3390,-45.333143574469325,-21.744816172698997,-196.37662981339864,-45.43574125805002
3391,-46.27085137980406,-22.321146253675,-213.70197958095343,-45.92673510235739
3392,-47.07830651740052,-22.84479655928152,-232.23139368902187,-46.335941060788905
3393,-47.784373414250105,-23.346231487898287,-252.34813632618483,-46.73449950158163
3394,-48.39992070063262,-23.836018224543924,-274.31910489215034,-47.14780703647233
3395,-48.912293473833856,-24.3072139644904,-298.24563470977336,-47.544460473090254
3396,-49.29040172299787,-24.744750390863487,-324.04426292949154,-47.83804555379848
3397,-49.49688480598321,-25.1279488300748,-351.46025860355496,-47.91827004099484
3398,-49.49438173023526,-25.4331240345488,-380.1105894412242,-47.69928312931619
3399,-49.258763110987836,-25.637695096487207,-409.5181261194956,-47.134590682206465
3400,-48.791155382954344,-25.727467727067523,-439.1217630277529,-46.20801046401622
3401,-48.10875866078811,-25.708860460979082,-468.31490308908906,-44.92907260611551
3402,-47.23731061909595,-25.60468546346406,-496.53672855576633,-43.332726900531895
3403,-46.20693703588604,-25.433676694207893,-523.3480877630692,-41.48012771944864
3404,-45.02846675033271,-25.205151461828873,-548.4342599766716,-39.45413167461201
3405,-43.66118854198179,-24.925267450965343,-571.572071291641,-37.34346396489019
3406,-42.01988833177839,-24.60151760830765,-592.5977905849192,-35.212575533713434
3407,-40.00867557669654,-24.246077755387944,-611.3846046353568,-33.08635155218082
3408,-37.53906893296367,-23.868058511496844,-627.8423811554269,-30.953903163338587
3409,-34.545532535996635,-23.459994518347912,-641.9210281847757,-28.78335799576042
3410,-31.01137428567736,-23.000354225570305,-653.6063920034996,-26.554460088752023
3411,-26.977095082355923,-22.470021659082086,-662.9159376780026,-24.27335958640389
3412,-22.51313130546011,-21.85602813860928,-669.894425825003,-21.950066324035024
3413,-17.699103157841172,-21.142465619367734,-674.6098280777774,-19.555950453421254
3414,-12.631549229289025,-20.315658595850323,-677.149498701908,-17.025589574128094
3415,-7.435660366458313,-19.379023257913015,-677.6166144884568,-14.30805721042801
3416,-2.2549848741470453,-18.355118015879764,-676.126890282346,-11.400034409969281
3417,2.7782236126880355,-17.27374158772716,-672.8055732678874,-8.347673070969158
3418,7.543813105867251,-16.1581116256654,-667.7845903920579,-5.228767240415199
3419,11.916271269988398,-15.020783327437067,-661.1963844907939,-2.133518700380713
3420,15.776757904226523,-13.869165068985877,-653.1663307437425,0.8452461884895653
3421,19.044099928579435,-12.704662531586855,-643.8228919283705,3.6303431914367663
3422,21.70044015257983,-11.514294461535721,-633.3191842771511,6.187444683568464
3423,23.790670822893645,-10.274363314724448,-621.8297565771609,8.526068116589023
3424,25.400457704557,-8.962628823963149,-609.5288986564728,10.681461621964843
3425,26.63406287811109,-7.565166411541623,-596.5731855474976,12.714203298076763
3426,27.597426635641867,-6.083232946685605,-583.0708331128117,14.708803732127265
3427,28.381017062893168,-4.539957585763929,-569.0386034526905,16.732808995071718
3428,29.029315808853198,-2.9790031876205987,-554.3837904871046,18.784596018299542
3429,29.510913928188327,-1.453847539388478,-538.9166360960905,20.784697693607896
3430,29.743063758764706,-0.013122095040801363,-522.3762553997042,22.603670150007925
3431,29.657624155029776,1.3105590676972252,-504.4592105163336,24.117784332355228
3432,29.237859983881243,2.5076739121090017,-484.843541755615,25.273669554996587
3433,28.522257590431103,3.59104685646855,-463.21630226521347,26.102282121179535
3434,27.585782380442744,4.585461869186657,-439.30365391335715,26.689926879221904
3435,26.514403907386644,5.517416150876749,-412.89651776570656,27.150695765249758
3436,25.403390118921376,6.409996369784795,-383.87627957259474,27.607053891143597
3437,24.358904649116532,7.2782799717324105,-352.2279736020738,28.166385594998882
3438,23.469561951606796,8.12618185607183,-318.0219682553001,28.895784946699965
3439,22.76728152919587,8.948387213058426,-281.37896560154815,29.80723035616849
3440,22.221574424175724,9.734395226693925,-242.45676893935368,30.866457674277825
3441,21.771732970336895,10.472923763023829,-201.46110123140798,32.0181271569411
3442,21.35991909643786,11.153827385619035,-158.64549657188076,33.19503620171025
3443,20.95110518574988,11.769289024080123,-114.31979572336995,34.321171442726715
3444,20.538793719789776,12.318899426752427,-68.88178443106307,35.32916543712558
3445,20.136860563134974,12.811129239692674,-22.818760725683138,36.18745114980452
3446,19.718721239993844,13.239480056800426,21.078307670572258,36.89117819107874
3447,19.398352794423012,13.640538857513087,66.18484372942748,37.47435741383196
3448,19.2410912638418,14.033774680086042,113.60699575789229,37.95870946553629
3449,19.264395613597554,14.425520967972135,162.85835317859062,38.3592091402976
3450,19.4506864769753,14.812103064546912,212.44367034502048,38.68795243304436
3451,19.760561119612493,15.182322172790856,260.35758047998513,38.947929016507736
3452,20.150645382922615,15.520091254620846,304.4937907885519,39.13390391176438
3453,20.576575793086917,15.808930140468918,342.96935453046956,39.24682514538465
3454,20.982335222596614,16.03692274632033,374.36823815765297,39.29978846154279
3455,21.312076250926964,16.200380770312044,397.89638866340533,39.316039850521136
3456,0.0,-0.16121987825660555,8.35897536258725,0.29951145331017015
3457,0.0,-0.34869569257502886,20.82996696705326,0.7255497480581037
3458,0.0039364187337058145,-0.6306724209722192,39.47861545860192,1.3283112241375528
3459,0.016509859182841584,-1.0171135622730738,64.6666084540386,2.0946150661799567
3460,0.028873286384244093,-1.507354565210071,96.21050731767909,2.9910804197775622
3461,0.022545296357447526,-2.089229531002015,133.37810633490824,3.9661980463703124
3462,-0.010773965744901623,-2.739330882144173,174.96478598375467,4.955484648955729
3463,-0.05846062784837955,-3.427187113977015,219.45768502306336,5.892509647337705
3464,-0.0930959654882621,-4.124634126611088,265.2931209577965,6.724013438846764
3465,-0.09092553562604959,-4.811046628804213,311.2105430357797,7.424907685588895
3466,-0.03449204926990024,-5.475121566257014,356.7043992498016,8.011588989970258
3467,0.10269928767944161,-6.095528662387126,401.1429047864494,8.50837158735142
3468,0.3578655025591042,-6.652545140848349,444.00964171486413,8.944082302037952
3469,0.766564520745466,-7.132747279931522,484.84576505568947,9.343691191225286
3470,1.3469021426553887,-7.53097915271576,523.2632128830242,9.724139999428312
3471,2.0843079949629555,-7.850628401727561,558.9541128002377,10.090098058254123
3472,2.934874164986494,-8.10213283133709,591.684517028678,10.429639735285015
3473,3.842728060037807,-8.298160005701327,621.287314980647,10.71745539675018
3474,4.753015819798081,-8.448479401505574,647.655352454676,10.928099310856323
3475,5.615309438250169,-8.558196726896515,670.7349617003946,11.041416040046082
3476,6.38136182461069,-8.629519695588792,690.5142546398603,11.039775328183808
3477,7.0197664297183655,-8.664914366359708,707.0159816827713,10.910516930697543
3478,7.529577289236006,-8.668595016131787,720.3100594210823,10.651372474307072
3479,7.9245172047293195,-8.643350015668478,730.518949963352,10.272570841217185
3480,8.219496021763819,-8.584833542620299,737.8036202147783,9.792955072390294
3481,8.432120540652859,-8.480166709053465,742.3466081249908,9.23288763254927
3482,8.589221614328501,-8.31510794322628,744.3236317703663,8.609488671345018
3483,8.730640404439137,-8.082884025901084,743.8644879642375,7.939193978506533
3484,8.897848794530079,-7.781497594716185,741.0297492577388,7.243519046390771
3485,9.117052647763604,-7.406428761947746,735.8164136697043,6.5445202355825405
3486,9.39003715748958,-6.952911792987359,728.1761369782878,5.853725032642201
3487,9.700391178514643,-6.420904581274842,718.0227316729921,5.170077645217815
3488,10.030942879783648,-5.8163511789691205,705.2385867524378,4.486138912711528
3489,10.370903833435758,-5.152726506312134,689.7034532151681,3.7930026907838443
3490,10.70206070115807,-4.451569487441078,671.3317369492264,3.078577587139848
3491,10.988673395188588,-3.7397591375648127,650.0961455696954,2.322536626914935
3492,11.19153755708608,-3.0467909734669814,626.0397956104987,1.504145451421005
3493,11.291451358739058,-2.401813482911325,599.2834306934079,0.6222526890758945
3494,11.295395077286589,-1.8279605874412568,570.0264340455367,-0.2977491388396574
3495,11.219523236523345,-1.337905334786723,538.5329164318981,-1.2163023743370756
3496,11.080763375946596,-0.935117617836371,505.10878364759805,-2.094593014048274
3497,10.901445261898447,-0.6187973262630259,470.083836045489,-2.902020715081854
3498,10.707772321539528,-0.3862202660782224,433.7900818943327,-3.6165471491958416
3499,10.523257015582015,-0.23066083184526384,396.54875514968364,-4.222728655481003
3500,10.34947121200363,-0.14238883005645392,358.68883015990434,-4.717792560338724
3501,10.147636778114595,-0.11449005628396905,320.55148085990373,-5.121166124912671
3502,9.850500286958644,-0.1451162230974,282.4503778151297,-5.4690217611863865
3503,9.400171090008012,-0.23354156253072855,244.63693931395727,-5.796595913559061
3504,8.772305437022215,-0.3757305343065434,207.3051994433278,-6.128562737620068
3505,7.9620348022288665,-0.5639784563589176,170.61670873872635,-6.479302603264321
3506,6.96902280703883,-0.7887917529858715,134.70623152078144,-6.8511435356915635
3507,5.806400250234096,-1.0412651630696368,99.67402684745313,-7.234434304012536
3508,4.516209158249942,-1.3160043694561134,65.60445746082424,-7.614937289917295
3509,3.166603025245758,-1.6114564961225812,32.59382043556263,-7.98280345735502
3510,1.8226560164272751,-1.9265711892108186,0.7504989498129033,-8.339675632498073
3511,0.521104969179357,-2.258129672082108,-29.82429031368357,-8.70026482158773
3512,-0.7319652737821878,-2.6009278021757765,-59.05401208633056,-9.083575652107095
3513,-1.9457240059835181,-2.94819085186124,-86.89327306207778,-9.500923187164682
3514,-3.124365053459242,-3.290415611180083,-113.32144066952377,-9.954182411331297
3515,-4.2698341337354435,-3.614716272749813,-138.33627555920697,-10.441027273892137
3516,-5.40185101350959,-3.9072924855289575,-161.9592524478817,-10.961416588578462
3517,-6.554869802235701,-4.157237892670107,-184.24156787112736,-11.520744429917574
3518,-7.745687389911647,-4.35852727793527,-205.25184914535873,-12.12085457756068
3519,-8.953061291722813,-4.511158634575394,-225.0432070564582,-12.75388349497413
3520,-10.137231753795954,-4.621099748889551,-243.63275824923738,-13.40696442372099
3521,-11.269072379059839,-4.6972848406089005,-261.01084992015416,-14.065938462980657
3522,-12.332560017749032,-4.748371810255751,-277.1598755091902,-14.715239484267238
3523,-13.307405006661805,-4.781487377725352,-292.06969973803893,-15.337621327806396
3524,-14.1641847453892,-4.801476829571606,-305.7477198288318,-15.914052407808342
3525,-14.880557126679504,-4.810396591029885,-318.23133074333833,-16.419412707842522
3526,-15.460484924176617,-4.808165552727521,-329.5965940121594,-16.827140070286674
3527,-15.937784813341997,-4.795094655961657,-339.94245977947804,-17.123393373232666
3528,-16.35305409642455,-4.775356666656526,-349.3648635920035,-17.312404733094873
3529,-16.726393864361533,-4.758046895064859,-357.9442240889179,-17.406328225373503
3530,-17.055327573549594,-4.753690732809996,-365.7383706763551,-17.40862527054253
3531,-17.33235598614921,-4.769170676994807,-372.7770853625412,-17.314088019813415
3532,-17.551949332238138,-4.806518781003542,-379.0658205644131,-17.120396165988108
3533,-17.6966862702338,-4.864303565896548,-384.59321221621525,-16.833035294898785
3534,-17.73520237340286,-4.940155367660155,-389.3424305103998,-16.46266566353039
3535,-17.63858152951215,-5.033537628902658,-393.31387507115994,-16.022605129521597
3536,-17.400990717348716,-5.144402222312121,-396.5402346899291,-15.530493420683602
3537,-17.052233897346415,-5.2707277914211526,-399.0785972243027,-15.00809417511996
3538,-16.647956877824726,-5.409592422426204,-400.9999551280538,-14.480063480347287
3539,-16.250549373400258,-5.558318644001957,-402.39228782811597,-13.975028595539557
3540,-15.907330875966212,-5.713238829527149,-403.36210029770746,-13.5223972944153
3541,-15.648569291160275,-5.869048632502675,-404.01790292668096,-13.144328139829405
3542,-15.50105429543803,-6.020124991391433,-404.45057838482256,-12.854458982532423
3543,-15.474457137826713,-6.161109818828588,-404.72608786453094,-12.660350986925694
3544,-15.539235293644253,-6.285915671075734,-404.8842922050225,-12.56038257096719
3545,-15.632627699956362,-6.387450097990128,-404.93666747831855,-12.546407492569644
3546,-15.695093998200695,-6.458701621298247,-404.8660418468359,-12.61558708755678
3547,-15.699172986113124,-6.496881349650337,-404.6330312657931,-12.7780442542007
3548,-15.642096294483828,-6.508260454697082,-404.18780417756386,-13.049124141263825
3549,-15.526885244937862,-6.50533851867771,-403.4832446029419,-13.431294986090743
3550,-15.353587404880674,-6.498374078048833,-402.4806433882403,-13.905729701676142
3551,-15.126774947811734,-6.490141703715108,-401.14770591947155,-14.434355605309646
3552,-14.864950839166774,-6.474793327487765,-399.46409567666944,-14.966937755151472
3553,-14.590540685247056,-6.440095685437591,-397.43842565522516,-15.450823459506541
3554,-14.308581111726395,-6.372874629681277,-395.12102959663287,-15.836138762156935
3555,-14.003322873598682,-6.261197282741752,-392.5920499243223,-16.077928842587422
3556,-13.656316443255134,-6.09317225365289,-389.9298068089316,-16.140159352659143
3557,-13.264843725297336,-5.859264728577951,-387.18352131704404,-16.003726240240418
3558,-12.846000146387043,-5.5575211135068825,-384.3666715903221,-15.674910621639642
3559,-12.411159865645434,-5.196858798847676,-381.4673394820793,-15.180828690971483
3560,-11.9512302535516,-4.79540982820379,-378.4571165768422,-14.554013187610716
3561,-11.461237075715797,-4.37617178317829,-375.3000444131212,-13.823902349121113
3562,-10.955612209485025,-3.9625860156006016,-371.96410211468424,-13.01674313207395
3563,-10.454145817016437,-3.573680311019825,-368.42707985125753,-12.15579054030388
3564,-9.959588483290062,-3.2198337681982716,-364.68197227113114,-11.2576262950211
3565,-9.455199017683968,-2.9008264838929154,-360.7454710229592,-10.329977511595898
3566,-8.92473302787798,-2.609096191950222,-356.6560145456389,-9.373107438175655
3567,-8.369077434717127,-2.335480776977877,-352.4631451488283,-8.383333469218172
3568,-7.8054752477847575,-2.0715687176712936,-348.2232439661999,-7.360808262324961
3569,-7.2518981014636985,-1.8088987950697872,-343.9871163963363,-6.312439329891946
3570,-6.720342491456926,-1.5381899178996132,-339.7782041140865,-5.248539783134978
3571,-6.222686230877398,-1.2519801595352156,-335.58492622799037,-4.183851071541518
3572,-5.771024085214214,-0.9491144909441152,-331.3687664925771,-3.1422165597458807
3573,-5.370855493123482,-0.6376579130658673,-327.0838371124113,-2.154397930446198
3574,-5.045192241397763,-0.3326881152750854,-322.8807988231718,-1.2364136880229304
3575,-4.712403117068414,-0.04849855242338788,-318.46303434003,-0.4234229380806862
3576,-4.3185493529638785,0.20488259516197838,-313.763261121075,0.2607436423135765
3577,-3.847859495017878,0.42144855918799184,-308.87367057359745,0.8024968708332619
3578,-3.3156627587550864,0.5969780968632921,-303.9807896338712,1.1992015053995426
3579,-2.7470309223313745,0.7293580413237115,-299.3109071790002,1.4602087621793796
3580,-2.1712316768705016,0.8197062232730221,-295.08619146914333,1.6049984073724712
3581,-1.6253915162065957,0.8720899257700727,-291.4891720339643,1.6598037613788053
3582,-1.1513095159952953,0.8934333052412025,-288.63781972972464,1.654057963076469
3583,-0.7848555477764786,0.893439780266033,-286.57651422768566,1.6167713571225095
3584,0.07887175050002408,-0.20255961635601394,0.273978100120837,-0.4754809332865989
3585,0.09703073136887813,-0.4768233105380096,0.6139681530536373,-0.9652336192652871
3586,0.0614091798643612,-0.8871215291155169,1.088208171769021,-1.6457646151301117
3587,-0.05056430601831555,-1.4394910623534136,1.688642071537333,-2.514531476056053
3588,-0.2629726947595965,-2.1258541533739184,2.3902283030647067,-3.5505295489218414
3589,-0.6000703618836892,-2.923872747153066,3.146641612198066,-4.714810807372977
3590,-1.0758181574795,-3.799932762965437,3.8953129462559746,-5.952969641177516
3591,-1.6845473072623687,-4.715160357293074,4.571135094643839,-7.20384332393223
3592,-2.405196991141242,-5.631782287131804,5.12183314496776,-8.413377738952025
3593,-3.2147117061057466,-6.520395603663201,5.519696189681013,-9.551621968037967
3594,-4.0965539519253555,-7.370783096887095,5.773527920624345,-10.630926204793237
3595,-5.034907096299079,-8.167164094413787,5.9022603882850415,-11.6501424149102
3596,-5.999859303791204,-8.894801605876976,5.936462365101856,-12.60745969714185
3597,-6.957044047969979,-9.541369908118181,5.901242810418749,-13.503562115920925
3598,-7.8916700207732084,-10.097712031786044,5.809050838117525,-14.343933586476606
3599,-8.810451497542699,-10.558198076464725,5.661813376854282,-15.136930408374619
3600,-9.725189288087382,-10.925170912934435,5.45319127214105,-15.891545397314252
3601,-10.639207945855508,-11.211015305455643,5.170438470655015,-16.61635082765747
3602,-11.55354937253571,-11.435837237919918,4.797575946979395,-17.316697253397273
3603,-12.480989938924214,-11.623592642999377,4.321001801658586,-17.99285257065357
3604,-13.441624143329406,-11.798582624701012,3.7391439292101283,-18.640812532888923
3605,-14.440992999324404,-11.981167487008634,3.0703179633242845,-19.249734606183146
3606,-15.458742769485712,-12.181821467907403,2.3529374590937167,-19.800899607770393
3607,-16.46198501036099,-12.397564043582399,1.633188408897604,-20.27185865873244
3608,-17.427517414555467,-12.612320263681626,0.9455527964002347,-20.643485952070456
3609,-18.3501581917092,-12.802299807810696,0.3058736941005032,-20.907130134106453
3610,-19.22541409559494,-12.94442399334467,-0.28374085507493363,-21.06514105078026
3611,-20.03347804039393,-13.021168847442189,-0.8266608936532016,-21.126395246768638
3612,-20.749110925283595,-13.023700814775355,-1.3258961650749999,-21.102235791522375
3613,-21.362407881127908,-12.956568775410876,-1.780588808760899,-21.00864482097517
3614,-21.88150354085841,-12.837870834440107,-2.1831182457812917,-20.86976997761367
3615,-22.304592523092396,-12.691007871166097,-2.5254537833400206,-20.709678123159225
3616,-22.59968881564115,-12.534175196065444,-2.804520241448399,-20.54502762578522
3617,-22.722973714295385,-12.37465472817344,-3.017996602302317,-20.38547543163712
3618,-22.65009794913939,-12.210979817690232,-3.159581662944309,-20.229293266895773
3619,-22.37781781856705,-12.03929982579617,-3.2180028671899046,-20.056991218378702
3620,-21.89728094854213,-11.856233828373997,-3.182920605494038,-19.83086252266673
3621,-21.18693962107727,-11.65934455534547,-3.0550479564280306,-19.50236425040445
3622,-20.234473358507053,-11.449644226563922,-2.8485541435673962,-19.027870783569828
3623,-19.061345032736362,-11.235177232010058,-2.5845292676284544,-18.385595257711117
3624,-17.73065389845819,-11.030764265908472,-2.286088429919258,-17.581040065888427
3625,-16.317474271798382,-10.853589246917581,-1.9765298698314222,-16.638838725883144
3626,-14.872526516076421,-10.716798806364725,-1.6811351778900447,-15.589907942224114
3627,-13.427263714833368,-10.622495515437079,-1.4315497178317522,-14.468066634300678
3628,-12.016955663801445,-10.562836199969714,-1.2662678109783756,-13.31442702385521
3629,-10.6808706006166,-10.528026726718576,-1.2273446449143153,-12.174814253057074
3630,-9.44260106099224,-10.509829087707438,-1.3529364468667258,-11.089213564643888
3631,-8.297687743681971,-10.501586874786287,-1.6683001240177018,-10.078994750122394
3632,-7.2211969482773535,-10.499561280405167,-2.1799485337296387,-9.145363702499575
3633,-6.189738751123222,-10.50509443172484,-2.873391923808992,-8.279775895258098
3634,-5.1954536884094855,-10.523632804510749,-3.714387104999894,-7.4677527059223205
3635,-4.2350382459637474,-10.557983200386902,-4.657704443673607,-6.69114522595009
3636,-3.2996586953073996,-10.603376281403518,-5.664129601338021,-5.938084597702315
3637,-2.384039908728782,-10.6494009911139,-6.710042664083701,-5.209734871129884
3638,-1.4992379176126323,-10.683525804432916,-7.780835360271144,-4.518465190789584
3639,-0.6732414626845149,-10.69431336627539,-8.862261860628,-3.8780645792624493
3640,0.06173638028555419,-10.67477395802886,-9.939920112894637,-3.2925314259899885
3641,0.6865173432516587,-10.623897817578026,-11.000390615787122,-2.7548371072508733
3642,1.199810718348456,-10.546865401795282,-12.025096972375133,-2.2549634407552386
3643,1.5966650940086922,-10.454582822360633,-12.983788185141524,-1.787914226608461
3644,1.857731375267887,-10.363178239545517,-13.840988187916532,-1.354207777397801
3645,1.965798665342024,-10.289260342544413,-14.572173223070308,-0.9557005499832876
3646,1.9195804073882434,-10.239613901976218,-15.174217027800008,-0.5959129629751043
3647,1.7414179325426034,-10.21055135910062,-15.66125298969173,-0.28397194477348875
3648,1.4649547208318423,-10.197597357214553,-16.05284271860708,-0.034302294871455905
3649,1.1127347866316557,-10.198206452379802,-16.364839431939817,0.13948825449703756
3650,0.6994089160709646,-10.20599457205332,-16.60675837469392,0.23057134354117642
3651,0.2505825941663486,-10.207231359427002,-16.78294189260722,0.24002488101749675
3652,-0.19460234150812114,-10.186953015101373,-16.890971131921813,0.17370951143959917
3653,-0.6051384863621027,-10.1390886739884,-16.915612557271213,0.03945014027822874
3654,-0.9754153294284927,-10.067869567898178,-16.828496113928008,-0.15271393176797107
3655,-1.3217836116364905,-9.981937210495673,-16.597399115810894,-0.39110205308901985
3656,-1.660457792838036,-9.890269675435182,-16.201399521312077,-0.66436656625975
3657,-1.9889196188696985,-9.799580326632148,-15.646392257798675,-0.9636684543186681
3658,-2.3009322702936563,-9.71289505381666,-14.966782137896775,-1.283198548660018
3659,-2.610988633684296,-9.63157774772497,-14.218172814768648,-1.6189676688595318
3660,-2.9493564537964065,-9.557799679937203,-13.469980369971633,-1.9692850173593146
3661,-3.3352911318112533,-9.492955100245693,-12.787853244862806,-2.334028209386213
3662,-3.7649286915989686,-9.43402960385483,-12.210535187930496,-2.7111432966379008
3663,-4.227641407169537,-9.37345483060288,-11.741707322897375,-3.0928794000394038
3664,-4.723427084365274,-9.300248037062044,-11.36280790600167,-3.4651080764171236
3665,-5.256076223584964,-9.199472251379964,-11.051686269990205,-3.8114691474330287
3666,-5.809228922022309,-9.056137760052616,-10.791438087817589,-4.117889608124687
3667,-6.34293161238032,-8.863921658940123,-10.570234464721613,-4.372475017342526
3668,-6.818781607343987,-8.62721344402783,-10.381150241522256,-4.56393666208322
3669,-7.220523911115995,-8.355074589768765,-10.225605125110278,-4.686067323344336
3670,-7.556712427384216,-8.05590823696908,-10.115074228810817,-4.745222254580003
3671,-7.843081408040759,-7.735855072193557,-10.067041371790483,-4.757434382783474
3672,-8.08115137675323,-7.399309042117259,-10.095614325470768,-4.736720918191643
3673,-8.261887171281842,-7.048944166468769,-10.200534730763877,-4.689359253935263
3674,-8.386408119454881,-6.68495087478042,-10.360851846270553,-4.615574272695157
3675,-8.46829390221829,-6.3047126720163025,-10.542825094630775,-4.5137410115753624
3676,-8.511912743187576,-5.903259383447787,-10.713816895542346,-4.384804001743767
3677,-8.505466602586255,-5.474875413546192,-10.843222969999012,-4.23186605164199
3678,-8.435897555633824,-5.016034892289094,-10.904591652816782,-4.05759624793176
3679,-8.30213806416895,-4.52847353909254,-10.884761657802942,-3.867023090725511
3680,-8.118500649853962,-4.018306660162927,-10.784963195434699,-3.6717723451087383
3681,-7.9050895531845855,-3.4927708467227556,-10.615455309696822,-3.4867525260687797
3682,-7.679058731651988,-2.959496327240199,-10.390835946144572,-3.323169822516825
3683,-7.451051223599987,-2.426425930908373,-10.130350211136912,-3.185176375569261
3684,-7.228624723764714,-1.900899691364143,-9.858505354502663,-3.0689788046168616
3685,-7.023991066866973,-1.3884795902079548,-9.598296131278591,-2.963623744145093
3686,-6.849914418970738,-0.891520752297805,-9.360526958807789,-2.8536435221271472
3687,-6.707927247221887,-0.40912371591326774,-9.140981789414784,-2.7191122603848723
3688,-6.581712127082862,0.059636528974146216,-8.924288061988802,-2.535987028192724
3689,-6.4529443050793756,0.5124499115037063,-8.685813553985552,-2.29072739546101
3690,-6.3180114577282245,0.9449013549605085,-8.393656857812044,-1.9936494849499333
3691,-6.178084933768322,1.3528575714170379,-8.020067549225926,-1.6705581055250847
3692,-6.0256555962742215,1.733262250821399,-7.56039393431097,-1.3504848215796812
3693,-5.842234675175462,2.085985817284195,-7.035801423685101,-1.0588498393552133
3694,-5.6091513474517205,2.415959117280243,-6.481445946948438,-0.8136279524635008
3695,-5.320213302732548,2.731603607175217,-5.93484110356956,-0.6260349086784859
3696,-4.980566176359248,3.0411575576618337,-5.424126346283092,-0.4974729290572402
3697,-4.593659908022452,3.3503719542125956,-4.964859903628976,-0.41248075616561125
3698,-4.150010685802046,3.662165556884357,-4.564823748625249,-0.33953659793014024
3699,-3.6375373298925804,3.976257391477153,-4.226129249208588,-0.2416949900526707
3700,-3.061273083972931,4.287815059609457,-3.9441843835129373,-0.08671672555869196
3701,-2.442716733301948,4.587892865242494,-3.7060382656852866,0.1474855013966537
3702,-1.8457977769475205,4.852075859959668,-3.4929375480659557,0.446148540502424
3703,-1.2006245203026948,5.093082043305158,-3.3011549420578064,0.8537943554973071
3704,-0.48093244518261014,5.316160840372481,-3.129935129761136,1.3750873558595087
3705,0.2991084036649883,5.523495031721035,-2.98494401544136,1.98120544667172
3706,1.1025032440557572,5.716434044299013,-2.8796294096831625,2.6236614168164274
3707,1.8946353194470071,5.895065089650298,-2.8286777553486058,3.254890193335062
3708,2.64751318186905,6.058642905051528,-2.835775018062867,3.8363563583557694
3709,3.3265184227381916,6.206078126982089,-2.88553696003085,4.33591727091323
3710,3.89144238444747,6.334947659587124,-2.9505717598646037,4.731488739194212
3711,4.312377134863606,6.4408127932067405,-3.0096668338261536,5.0149338039268185
3712,-0.19133755216700654,-0.1750587140021836,-0.15644203913767257,-0.4189615577259387
3713,-0.4281492600568596,-0.4362078185991427,-0.45661211842005456,-0.8526678823178583
3714,-0.7990172999906069,-0.8306175202323456,-0.9456945930286664,-1.4623059727403236
3715,-1.3196320440224723,-1.3693477447070554,-1.6563311949726656,-2.245208935381703
3716,-2.0020118834106446,-2.051245620627335,-2.5985736366413468,-3.182886372534599
3717,-2.8457475922394053,-2.8602863517691843,-3.7556971442766454,-4.242476308869127
3718,-3.8237221833680635,-3.7652112924854126,-5.085244374143473,-5.377992605270276
3719,-4.885353357405005,-4.7251303923974035,-6.5261676564775675,-6.536142781979649
3720,-5.974760719190138,-5.697905666172141,-8.009952256515673,-7.668975713538727
3721,-7.047497969346174,-6.648662278712797,-9.472730713631314,-8.744314453487211
3722,-8.079094860778811,-7.560818660626433,-10.870988118010091,-9.751102770936445
3723,-9.028204872668097,-8.418044885763683,-12.16988761880124,-10.64917648542233
3724,-9.855426248637622,-9.214773018071769,-13.349917325279193,-11.399263796663858
3725,-10.549104057776782,-9.954662585049089,-14.40477626538573,-11.984226672897517
3726,-11.129210096979499,-10.647081994914727,-15.344010158339481,-12.412324948714133
3727,-11.628004720238518,-11.302740972439613,-16.197255866198436,-12.706716687152888
3728,-12.072812583438553,-11.929718506011122,-17.002338854939822,-12.89815536979522
3729,-12.477201675772152,-12.534113618668878,-17.782382412395663,-13.019982879451405
3730,-12.852074405967354,-13.120595666880822,-18.53661232019555,-13.104144419534027
3731,-13.216162844560378,-13.688786723660337,-19.24822170413084,-13.179009787557197
3732,-13.587157465723415,-14.23238901404662,-19.898826538000794,-13.266314087730837
3733,-13.971155337854963,-14.743022501936284,-20.478343880173256,-13.377670383535053
3734,-14.357684909123643,-15.212929143174529,-20.98493023538659,-13.515133314570106
3735,-14.733310220174012,-15.635812725037516,-21.41784208222995,-13.675271679339437
3736,-15.098170646794806,-16.006941270029433,-21.76997540663505,-13.851331303902349
3737,-15.46033711309707,-16.32345795700318,-22.024583668809914,-14.032937729564766
3738,-15.826912423988134,-16.58498477486277,-22.15805327904766,-14.208576035987642
3739,-16.200814581166213,-16.791872758394675,-22.14564129973739,-14.373373818804767
3740,-16.583691424902664,-16.942893881355936,-21.96517227930599,-14.529544110179135
3741,-16.981108299146673,-17.03498723037194,-21.600665101571913,-14.675682296169795
3742,-17.40061615408809,-17.063865834326805,-21.046559483019116,-14.803258765979043
3743,-17.841788233085243,-17.025607429464156,-20.30885135861608,-14.9049136115934
3744,-18.283475356879308,-16.918730049331348,-19.401840388784976,-14.979143519759523
3745,-18.691007105212808,-16.74549516581374,-18.349938974211437,-15.024100232120636
3746,-19.039059256046713,-16.51084725711594,-17.197397639368454,-15.035331137365262
3747,-19.318131922984453,-16.21894428330015,-16.006502963126646,-15.012563460716521
3748,-19.515878514942695,-15.872149406652847,-14.842517171855686,-14.960146753889733
3749,-19.604555331483507,-15.473758595224215,-13.76374251634286,-14.880870678684264
3750,-19.557149774938818,-15.029596546656654,-12.811659965054394,-14.771954372127242
3751,-19.37106197485062,-14.54793694972038,-12.001924870699444,-14.623292515902452
3752,-19.07144802091196,-14.040544358783503,-11.329312701474077,-14.420240954249355
3753,-18.68388601650527,-13.519351204124987,-10.78114247392056,-14.151171168691207
3754,-18.213251395552955,-12.988823195720219,-10.348550913396537,-13.81524407386461
3755,-17.656804318203225,-12.445923275709276,-10.027508576749634,-13.426187689992481
3756,-17.02390943895488,-11.886668850117307,-9.812947544157565,-13.009815989624201
3757,-16.339151089382078,-11.309175603592092,-9.694980833522438,-12.5977580603007
3758,-15.624513738613203,-10.713610262982115,-9.65831485624389,-12.221521667090325
3759,-14.882900583024542,-10.102882060772263,-9.68367614763384,-11.905667848212484
3760,-14.106398772194694,-9.483035498365101,-9.75052487607793,-11.661432858760111
3761,-13.296939272134589,-8.862824453835008,-9.838811286107472,-11.489273374956431
3762,-12.472306647382847,-8.253856942130334,-9.930046087969762,-11.386423668978438
3763,-11.645361580100783,-7.671260096167285,-10.005730103374196,-11.345076550918364
3764,-10.80870308194617,-7.1336461433960086,-10.043828654867909,-11.34833616650442
3765,-9.95029311591181,-6.66077431007106,-10.02245841839241,-11.378401397797923
3766,-9.078057507995222,-6.269000586398111,-9.92632659017598,-11.426088583450184
3767,-8.222768273243249,-5.966477928538232,-9.753874363848412,-11.488334433797549
3768,-7.413674627629787,-5.750715248396428,-9.529073167755776,-11.561457784923697
3769,-6.6588022322723734,-5.608212249280666,-9.297831924685362,-11.638144125742839
3770,-5.948665473649861,-5.515610213267662,-9.107594759330258,-11.70400543712302
3771,-5.278744842339626,-5.446408756696559,-8.989011269631272,-11.739643617240587
3772,-4.663223606325026,-5.377085048165657,-8.947427420335814,-11.729225439144233
3773,-4.116470397817151,-5.288179140309999,-8.968592308781735,-11.663845260801416
3774,-3.6377243433516755,-5.166811884657536,-9.026522578868716,-11.53973611642069
3775,-3.2173383377108715,-5.0094891014348235,-9.087396308675268,-11.356478315587317
3776,-2.845590426366515,-4.822527964814213,-9.114703220467211,-11.11673405163353
3777,-2.510151133267812,-4.619322185781086,-9.073921108410051,-10.826162060078442
3778,-2.186883162574369,-4.414196141816418,-8.938365581526774,-10.491645419217539
3779,-1.8398404717749668,-4.219734078741023,-8.69829146472949,-10.116962695682847
3780,-1.432025702592356,-4.0491802291907675,-8.365065834893702,-9.69805496989289
3781,-0.940521919634072,-3.9162178280897453,-7.965949271743899,-9.225698258080719
3782,-0.35879259525959095,-3.8312630160161687,-7.532453481293572,-8.693171478754458
3783,0.31772178389183947,-3.798290609573608,-7.086195786446025,-8.099417280356944
3784,1.1038181639960176,-3.8130099519531213,-6.629617648750579,-7.449520271413165
3785,2.0194033151114006,-3.8614083194037625,-6.1422679149409385,-6.757045652235265
3786,3.0644285669663094,-3.9208092016666014,-5.588919445560166,-6.044492389910227
3787,4.200215149769491,-3.9664992335936735,-4.939169031788658,-5.341579544104505
3788,5.35738093520444,-3.978381108549062,-4.1803507618849,-4.6834686552819
3789,6.464724837375715,-3.9420971449705338,-3.320922038105163,-4.102479762974597
3790,7.471967831043243,-3.8491172380274117,-2.386831318999918,-3.620395251362809
3791,8.33932521325958,-3.6992648660996656,-1.4128697159706871,-3.2498802453018385
3792,9.023313787748126,-3.5027072000741493,-0.43770588790034276,-2.995927054170495
3793,9.479370563262549,-3.2784587866384576,0.4978925576780974,-2.855202663650703
3794,9.671798894477782,-3.0512283765442634,1.354472008790698,-2.818076980151675
3795,9.588556167078528,-2.849093633431043,2.103092122692632,-2.8731150412847564
3796,9.241947668772479,-2.698149711602171,2.7364779331410105,-3.007712083213876
3797,8.655507838755385,-2.6128581867555987,3.2687983623313035,-3.2056136293307516
3798,7.8586938316105766,-2.5909866509074857,3.7204477117945434,-3.446003901660127
3799,6.889650094795558,-2.6161844144475075,4.101293454052836,-3.7030730251288135
3800,5.795549007620693,-2.6626887597327027,4.406287301701896,-3.950324751388121
3801,4.620325957176108,-2.7009745322273564,4.620560717134197,-4.168313649093484
3802,3.3922342745855283,-2.7052206618132906,4.725241629610545,-4.345020540092058
3803,2.131850766031696,-2.659782563338128,4.701441043102062,-4.472576607574085
3804,0.8712555541580188,-2.5584107613401965,4.535654730681766,-4.5485449652735594
3805,-0.3415655511055061,-2.3985276428175166,4.2248333700341645,-4.574244277343125
3806,-1.460319756935,-2.182163657369431,3.7812262897634046,-4.551025418800881
3807,-2.4650583150597143,-1.9213118558242663,3.2368945407223446,-4.48319753679188
3808,-3.3706469124146503,-1.6368243859204803,2.63912081288575,-4.381796150300628
3809,-4.200315584928832,-1.352285357701159,2.0384629910189553,-4.2592480105402455
3810,-4.96065808361393,-1.089176865559624,1.4787782622803416,-4.11838261993413
3811,-5.649118996561189,-0.8636364426095158,0.9933313573935756,-3.9470491174405873
3812,-6.269420439031417,-0.6833130804678104,0.6012554569756613,-3.723883032585655
3813,-6.8337873117612835,-0.5458874163049419,0.30547518554216735,-3.4308848180766174
3814,-7.347234634409386,-0.439822536457564,0.10042457526295129,-3.0616152572255966
3815,-7.798081810550285,-0.34705218630698836,-0.019836674583410943,-2.6194595358824846
3816,-8.171304681156354,-0.24789592937147045,-0.06125973243277272,-2.114738848156543
3817,-8.461795274832912,-0.12544831021416802,-0.031009741055557247,-1.5673150920015015
3818,-8.674740991210474,0.03192676625749547,0.06238627470692861,-1.0075113359524268
3819,-8.815430000419118,0.22746981144193462,0.20970893547777955,-0.47039677702374233
3820,-8.877703129646958,0.4537048582047663,0.4019592752875458,0.013863820597977014
3821,-8.84558230795097,0.6936893410535276,0.6277504886397233,0.42870884566272766
3822,-8.711606422152277,0.9253587868912744,0.8683476899741038,0.7718297572954153
3823,-8.490372578423225,1.1290799079766898,1.0971175751272437,1.0496265469409463
3824,-8.211007680437453,1.295376777565477,1.2828751890559693,1.275301018411309
3825,-7.900952347280065,1.4260287957710354,1.3971174671083417,1.4678701545255384
3826,-7.578027227274825,1.530051892465458,1.4235489613609078,1.642766264584124
3827,-7.266197155808441,1.6215109991937853,1.3597885824028417,1.799068812554682
3828,-7.004494463710176,1.7177576667501282,1.213235145545843,1.9181291855297946
3829,-6.826771634220705,1.834434747081502,0.9982817704005824,1.9754534391350254
3830,-6.734496781974939,1.990653657212236,0.7524988730751703,1.9651846256562104
3831,-6.755273322896426,2.1626024987524812,0.46068325608205807,1.844055683213445
3832,-6.894699889974748,2.3267595355628115,0.12360609587551467,1.59806757861502
3833,-7.1396380116835205,2.4613801984265025,-0.24606918315709256,1.2370441070471485
3834,-7.455696060572028,2.549859111451652,-0.6298924024550112,0.7919646486900549
3835,-7.795981481273636,2.583288327309721,-1.0100085020910423,0.30774430589593443
3836,-8.11824021517578,2.562371157824198,-1.3698492875806891,-0.1674074660331959
3837,-8.39828986530828,2.4981350436652208,-1.691970022805951,-0.5903786559894817
3838,-8.631175046569801,2.4085458255189653,-1.959116677602193,-0.9303753099120078
3839,-8.817195484698644,2.313046261165218,-2.158953465855005,-1.173593479878666
3840,-0.20000896696951004,-0.28697872554234116,-0.4329545276314778,-0.4954330056225027
3841,-0.5582125785190768,-0.6207721624206082,-0.982431607119786,-1.0829066460382268
3842,-1.1264147455451,-1.0833052130383616,-1.771403016265485,-1.9104952262320132
3843,-1.9289233594716944,-1.667836156017745,-2.795920805373752,-2.966706161209748
3844,-2.9836222247789514,-2.3575622458718377,-4.030773704426073,-4.217579883839227
3845,-4.288541591783025,-3.1270330468712744,-5.434557721612337,-5.60565001824429
3846,-5.80573015749127,-3.944156738179026,-6.95844090186441,-7.053313056387906
3847,-7.465332726570213,-4.77579933700764,-8.552722006569015,-8.475972460744007
3848,-9.192513833502153,-5.597644779313039,-10.171795237559754,-9.804158512641415
3849,-10.931615080706788,-6.401465682874594,-11.782943728053988,-10.999410357710854
3850,-12.650906890362174,-7.198842891396326,-13.381445821927622,-12.065552863329803
3851,-14.293240645481399,-7.987284906674771,-14.942682038801918,-12.989685412733834
3852,-15.795244174328909,-8.760710937431009,-16.439440567803654,-13.759319731910583
3853,-17.113664863714536,-9.511555670973944,-17.846191105680475,-14.365175570816847
3854,-18.229942765203546,-10.232010813515878,-19.139483528269974,-14.806304955111914
3855,-19.131439263410634,-10.916129031610714,-20.29386267041052,-15.088431353153451
3856,-19.799421705187964,-11.563790131098216,-21.284627508456328,-15.2148931535348
3857,-20.22246089683931,-12.183436770141794,-22.09725623228768,-15.187028002755046
3858,-20.420264374783013,-12.78678256213231,-22.732515834150405,-15.014722412290975
3859,-20.438542901175243,-13.378703382089801,-23.206942902797753,-14.714326776527273
3860,-20.320041855932192,-13.95557212313514,-23.549739321996064,-14.302493169829111
3861,-20.091967114716127,-14.510897470639097,-23.792676298462144,-13.803046582505358
3862,-19.770495358290617,-15.035746372463901,-23.961894179774873,-13.25206166291278
3863,-19.37336194299016,-15.513551028857071,-24.076857783597497,-12.689430740676558
3864,-18.9287645426936,-15.921427505844628,-24.148193176589743,-12.14979753333759
3865,-18.462775600899995,-16.237812774734227,-24.173818880861166,-11.660414245676005
3866,-17.986144827608175,-16.448644495331585,-24.139433454877114,-11.24571287281694
3867,-17.496062022900418,-16.551044872156595,-24.028098700328247,-10.924705147206334
3868,-16.988583325378947,-16.55131778875715,-23.833949523294535,-10.691389409658793
3869,-16.466937832205044,-16.46049989152103,-23.562965400997133,-10.520925523622022
3870,-15.93837172817222,-16.29383447592523,-23.224711713138504,-10.401254284101634
3871,-15.417070910604872,-16.071367003179702,-22.829127525680015,-10.339628744858828
3872,-14.928740886365306,-15.813551380343911,-22.387125981814215,-10.352036556483379
3873,-14.508792544908006,-15.532558425188059,-21.909861098570836,-10.458842905895514
3874,-14.195627386936652,-15.230482456974075,-21.408952301338005,-10.68370971003045
3875,-14.019568780099108,-14.907063798957514,-20.900838379543494,-11.053449575226121
3876,-13.996984021088146,-14.566367817139453,-20.40363299168017,-11.59089028834232
3877,-14.126808277712609,-14.216471958831601,-19.927379215227372,-12.298913664499066
3878,-14.399886027813402,-13.867726723353417,-19.469836707167115,-13.152278237721905
3879,-14.82012713285699,-13.53737708732739,-19.013546953712904,-14.112450775194569
3880,-15.392704781585065,-13.251261367361725,-18.535550609763504,-15.15114046388217
3881,-16.09167661406515,-13.032593644219796,-18.0365289030926,-16.2509114692491
3882,-16.86252098242734,-12.89230407972135,-17.54463034386874,-17.393870562184382
3883,-17.650178543970426,-12.832894742387584,-17.084236886350226,-18.557704002013708
3884,-18.419730701250753,-12.856496133041478,-16.65808883557327,-19.7183831044577
3885,-19.154565036533644,-12.965308574861464,-16.251355657971114,-20.860806211968196
3886,-19.836947390624992,-13.154919124979823,-15.845131025368799,-21.974460854519073
3887,-20.440444109035997,-13.411450244087085,-15.431325018673343,-23.03289532045566
3888,-20.937726605260774,-13.716082213335037,-15.013662459974718,-24.00023849017134
3889,-21.31415137112415,-14.050973169901832,-14.604623291382085,-24.85290480503589
3890,-21.57402398308007,-14.404117349713916,-14.228240063949647,-25.580617373949696
3891,-21.734592042837264,-14.774060847967197,-13.914511768482962,-26.18322613647676
3892,-21.825213474952896,-15.171513053158755,-13.680091404013444,-26.674952083441557
3893,-21.894025978195288,-15.613560442114863,-13.524906147003607,-27.08463298962458
3894,-22.00994472107718,-16.11631773477359,-13.445591031234072,-27.449052828177074
3895,-22.24806144405773,-16.688405934414096,-13.428668176636606,-27.800438097680175
3896,-22.651869891174815,-17.32328114545215,-13.444000214323406,-28.153200516102185
3897,-23.20802814254032,-18.000252736470006,-13.475331099623766,-28.507001871569503
3898,-23.87892095421737,-18.694759868060277,-13.566372643619887,-28.869558413447596
3899,-24.64403047385018,-19.381869880054722,-13.864153231004925,-29.263167150307087
3900,-25.49790246925901,-20.03400653094106,-14.64940802780822,-29.700156839551628
3901,-26.4344766830335,-20.62826096963051,-16.322758830131626,-30.18329985905121
3902,-27.440573831800997,-21.158179623611154,-19.34537834552873,-30.73033615975052
3903,-28.49801362828896,-21.630238076598626,-24.148878303648708,-31.364616263147468
3904,-29.58319965281496,-22.047542354083422,-31.041400592409076,-32.08519859447516
3905,-30.66579809864543,-22.404829502989756,-40.1380429644018,-32.85576118942473
3906,-31.71597109867226,-22.697788427053492,-51.31350480200217,-33.62435222538145
3907,-32.70719734900427,-22.92812990654619,-64.19592404520357,-34.35505127511941
3908,-33.62255265119465,-23.097184332859737,-78.22943591190281,-35.04134552912773
3909,-34.46398277599644,-23.198717006785134,-92.79478098004037,-35.70571219089319
3910,-35.24285870475264,-23.221993676855842,-107.33935007250165,-36.385495789683496
3911,-35.9641593248411,-23.160975549865764,-121.48508787746931,-37.1038279209032
3912,-36.628079508778754,-23.018336345606784,-135.08623616620184,-37.86241020238045
3913,-37.24683254251026,-22.804036261811632,-148.17923559122332,-38.652804173137646
3914,-37.85420422041548,-22.530766663130983,-160.8930906253438,-39.44684521855816
3915,-38.48373046385996,-22.20715305562198,-173.41425552493453,-40.181255403570916
3916,-39.12343542261404,-21.835210794545315,-185.9723083798263,-40.773886813447064
3917,-39.70437914869617,-21.407877305446483,-198.81916122135448,-41.15140619059838
3918,-40.12946627132832,-20.903787719800366,-212.19084356220782,-41.244838358583685
3919,-40.30002185648083,-20.290388987473282,-226.26542180202586,-40.970361280405406
3920,-40.1447596539472,-19.538817326209294,-241.17682849914706,-40.259442384958604
3921,-39.64320313240507,-18.640471594186984,-257.0590352312643,-39.119677164078446
3922,-38.81780142461402,-17.607587125013936,-274.05764444707995,-37.63782566234082
3923,-37.70572087327315,-16.461725817738852,-292.31597652153295,-35.9228163362589
3924,-36.3388699814893,-15.227482383474559,-311.957852061483,-34.04918541360385
3925,-34.74162977774877,-13.928984725671034,-333.05283284142405,-32.04769860677731
3926,-32.93169455618454,-12.5913173021631,-355.5449047069169,-29.93485491750006
3927,-30.919242238436606,-11.24447132943478,-379.19826018924124,-27.731365221951414
3928,-28.708804958558254,-9.92046745109196,-403.6073092746547,-25.45788681703465
3929,-26.30791255981985,-8.648858021291705,-428.2515081469881,-23.131325771336055
3930,-23.73981632991113,-7.456729436575793,-452.5838730785221,-20.765701673438947
3931,-21.04882429777616,-6.366825709329947,-476.1023410395175,-18.37805227760184
3932,-18.29567977762376,-5.3900584019839926,-498.3339193115312,-16.001100782137023
3933,-15.54715243533866,-4.523357219032657,-518.8065569949098,-13.680049780835756
3934,-12.879205825835061,-3.755230754464938,-537.0809140188233,-11.454942307457548
3935,-10.38234853755332,-3.073694184983314,-552.7951302162074,-9.349457443345727
3936,-8.138612562005697,-2.4700226546813107,-565.691890140007,-7.3680782671050205
3937,-6.189049649991919,-1.9380739680297556,-575.6166437300668,-5.4968449765923655
3938,-4.520294629908112,-1.4756327208747932,-582.4995814946343,-3.704904108498539
3939,-3.0864955505651572,-1.0852266213192951,-586.3408822712593,-1.953816148990761
3940,-1.8450253345763463,-0.7719470690451892,-587.1962166572583,-0.215641520007883
3941,-0.7658480916864562,-0.5420273606136128,-585.1734659542665,1.5173764617437142
3942,0.18038045060236038,-0.40349103778144035,-580.4159490100486,3.2386915827927565
3943,1.0331988548435391,-0.36001104887763563,-573.0873270593274,4.939497445468381
3944,1.8306890969492828,-0.4019362543167123,-563.3820055571841,6.606624571543987
3945,2.587171101586818,-0.5093228553936968,-551.4991389533827,8.214119921619456
3946,3.304514974546396,-0.6594488649920863,-537.6182565675084,9.736902391691828
3947,4.005560587257599,-0.8294960938625691,-521.9136456221704,11.177587274396002
3948,4.732391732316863,-0.9990384322053161,-504.5351022693551,12.557097631970205
3949,5.513449603475333,-1.1528900519365437,-485.5771230659694,13.877272084747373
3950,6.348712451973715,-1.2773071446838469,-465.10199704208173,15.120433384635241
3951,7.223065723174875,-1.3539212321524456,-443.1722986485226,16.26876363443496
3952,8.128711699390369,-1.3622020856102386,-419.8411649366969,17.305853853206962
3953,9.070906960441576,-1.285228062955575,-395.1389712652678,18.223529581817257
3954,10.060505461685084,-1.1098460060496604,-369.09677596666876,19.037590295611302
3955,11.110200413175653,-0.8232930772271704,-341.766492694769,19.78438412983568
3956,12.229413049067261,-0.41523159261056963,-313.21786385984905,20.503768637717425
3957,13.423902763843861,0.11508500222790355,-283.55189551806416,21.228618951779797
3958,14.6209892338403,0.7134083514635542,-254.58160088214055,21.921270236287985
3959,15.93741672278399,1.4272567964583804,-223.6404157457451,22.712469511939165
3960,17.3973480533385,2.2543901293969952,-189.8969221897558,23.658052215096397
3961,18.963181447174534,3.1604264628380156,-153.82682940689213,24.75389618327307
3962,20.570544495043233,4.095727325576795,-116.7380543333545,25.951250385129896
3963,22.144740299358688,5.007754012845136,-80.36773269326024,27.17344680828135
3964,23.60098218023618,5.848568756843633,-46.53306841447129,28.33685020202656
3965,24.85919732159279,6.580589987154869,-16.861150056131446,29.370999577472645
3966,25.867772677705315,7.1774293559506654,7.3961593440055635,30.230175734803375
3967,26.609830245824366,7.622889945908936,25.516016411322898,30.891732171402914
3968,0.017459891447586445,-0.08873555860832827,0.6034971421472815,-0.1916080016491899
3969,-0.10070516928515148,-0.24753077577116114,3.607058661712083,-0.4043379589177731
3970,-0.2935684546841091,-0.5019104924231632,9.271284355687293,-0.679413731133013
3971,-0.5644695113731044,-0.8707573590144498,18.425643181878872,-0.9954797853512942
3972,-0.9195259667977955,-1.362293403199422,31.734632384313095,-1.3226340763004634
3973,-1.360639309832184,-1.971542101275739,49.56854671244441,-1.63228021403568
3974,-1.8719810590998616,-2.681535541513886,71.93717292453825,-1.9021329594516592
3975,-2.4227444561814173,-3.4654492865792936,98.49580759020908,-2.1192888891602055
3976,-2.9851046449038394,-4.290360194441413,128.60778549917762,-2.2834541117292497
3977,-3.54196285259833,-5.12365045901003,161.46765737764392,-2.408820943047129
3978,-4.081958310011662,-5.9419453039721315,196.30109091507396,-2.527513899322961
3979,-4.588304078375894,-6.725258730459778,232.32072737291622,-2.6693787918678877
3980,-5.041209544807896,-7.462464041977036,268.8632898306238,-2.857137622635751
3981,-5.432877311884246,-8.149376720793228,305.40883309037514,-3.092498791662252
3982,-5.763919738065243,-8.784053516430003,341.55394992836597,-3.356317682801235
3983,-6.026067474332209,-9.365670063108384,376.95784848944476,-3.620303817173269
3984,-6.196012428072791,-9.896254597657803,411.2715497761686,-3.848960218489638
3985,-6.253408459714801,-10.37890987583422,444.04993929146326,-4.002898714417407
3986,-6.205967296074153,-10.812740843090465,474.7140410798728,-4.050634641995757
3987,-6.090094138164963,-11.191054947370462,502.5986898175606,-3.978218485117132
3988,-5.947606794495711,-11.505133078024318,527.0367245275819,-3.7941022012648444
3989,-5.806967595049246,-11.747846954955943,547.4337750216355,-3.525543821778365
3990,-5.686890249129644,-11.913525525321877,563.349803155674,-3.207358524848189
3991,-5.607133969738921,-11.996559451990912,574.5646551124377,-2.8765566009296877
3992,-5.586456781801014,-11.99337466064654,581.0864593000375,-2.5741543492181376
3993,-5.629626638036003,-11.906263802215166,583.134853350568,-2.3431567759406504
3994,-5.726330177688733,-11.742148995260031,581.1141321677526,-2.225202595415841
3995,-5.8704076074097165,-11.50902954848128,575.5504358168431,-2.2573794711353763
3996,-6.075251473158826,-11.215887543259985,566.997247708181,-2.465629113043426
3997,-6.363505170810123,-10.869845325948189,555.9582021244247,-2.8614602046386435
3998,-6.742922266614508,-10.469851905875792,542.8452953534292,-3.442137749567521
3999,-7.206777743017011,-10.00524672710442,527.9599287390051,-4.188525413873761
4000,-7.756077083371481,-9.459814727555779,511.50439037864265,-5.065805789892344
4001,-8.400461519237734,-8.817516352531422,493.60702867719976,-6.033876373632701
4002,-9.134590192541447,-8.06851557065047,474.3457857529008,-7.057416667046494
4003,-9.91818143479769,-7.214773360837515,453.7764763488548,-8.108557462799258
4004,-10.682857267283397,-6.271664062373776,431.9581184240748,-9.167988429193421
4005,-11.357820958346535,-5.265086588517434,408.98474707699273,-10.218116784778287
4006,-11.887717072921776,-4.2298555538269245,385.0193040529958,-11.237987826274193
4007,-12.235792353363063,-3.208756390903597,360.2928746916677,-12.21639049250714
4008,-12.378345636224138,-2.2485348063161394,335.0714649205132,-13.167173795388438
4009,-12.303915875462414,-1.3954752019138084,309.63004333852604,-14.127619870661913
4010,-12.029209531790103,-0.6865433037110016,284.21799661553035,-15.14652176943473
4011,-11.58874944083905,-0.13830852063963062,259.00649930535565,-16.275946495672706
4012,-10.989357408843594,0.25217483680538433,234.07351886858675,-17.566530781828405
4013,-10.20947505068727,0.499490073950393,209.44000132903415,-19.06466401873469
4014,-9.24035424276008,0.6196846714663353,185.11879605684402,-20.813368852157026
4015,-8.114714120805445,0.6176722101535443,161.14055077405385,-22.850226334719327
4016,-6.91453267803126,0.4856870047648133,137.55209074734492,-25.196287942789088
4017,-5.765670596043543,0.21476254741639192,114.40731025805654,-27.84756465637698
4018,-4.823675305443219,-0.1970901686724139,91.76880521076755,-30.775992180372022
4019,-4.249365620062,-0.7470950876377425,69.72371228370673,-33.92804816165402
4020,-4.174925828531493,-1.4294482155267505,48.38673363223965,-37.21811945216992
4021,-4.6802344770677236,-2.231304497581348,27.87670591124357,-40.52865500026307
4022,-5.794302712660388,-3.1317936598156693,8.2862438112659,-43.726538704187924
4023,-7.497709053339256,-4.104378085992108,-10.341069042745177,-46.68250788958668
4024,-9.709247149206531,-5.11304302098618,-28.020861515358177,-49.27143496081195
4025,-12.272868279891025,-6.108462979640566,-44.82720450731306,-51.37012983075177
4026,-14.975561533688996,-7.033826207166396,-60.87033590128434,-52.87071280583414
4027,-17.592890101777556,-7.8372725255331925,-76.25292247176868,-53.69744630691331
4028,-19.932476449454754,-8.48397937741537,-91.03260040046567,-53.815973981876674
4029,-21.87051732238858,-8.956883284543363,-105.21520615899604,-53.230287138192246
4030,-23.342236930651314,-9.246667186308393,-118.7778404223918,-51.97498037682811
4031,-24.301620885329356,-9.34607984348414,-131.6923847365502,-50.108551520208465
4032,-24.72841000585944,-9.250993655119569,-143.9379801480366,-47.70412286927364
4033,-24.64260041441627,-8.964364444620259,-155.5043864997356,-44.84176961644859
4034,-24.085814700986056,-8.498636726916686,-166.38797209748955,-41.600489196255424
4035,-23.103095185454936,-7.872157400856928,-176.59413922337765,-38.04102887677046
4036,-21.746589290265668,-7.103640872397687,-186.1454227082958,-34.20510470198694
4037,-20.086555427045322,-6.21147027146835,-195.0782623140545,-30.142309552574986
4038,-18.206282048722198,-5.218383143412392,-203.4279263901836,-25.925211415653777
4039,-16.175134969101826,-4.152256587747384,-211.22247021030245,-21.63510507848202
4040,-14.02501518090986,-3.040298841434034,-218.48602702145917,-17.3409931922204
4041,-11.76561626015649,-1.9075902490387415,-225.22991961985713,-13.09390711764692
4042,-9.41612157204494,-0.7826317373692326,-231.43989001688297,-8.93341835607383
4043,-7.013272529026539,0.30377534600357375,-237.0886097960704,-4.8940593962634455
4044,-4.588685590864171,1.3287705674374526,-242.1671585467267,-1.0030779348680716
4045,-2.1516160289269015,2.282389950366191,-246.7044297454503,2.7294612425556166
4046,0.29920885896621263,3.1622598974320617,-250.76893034164684,6.307232160561091
4047,2.757842339349076,3.9653651166477943,-254.4564742679489,9.731592374313744
4048,5.205627171296597,4.681530076999247,-257.8627596446272,12.994961042298051
4049,7.624399363670374,5.292864887852239,-261.0629980424374,16.081310681389226
4050,10.005141275090631,5.779654734910637,-264.10892048694603,18.965868255781558
4051,12.334434495317286,6.125480704141289,-267.0298720906335,21.618328623847155
4052,14.579974954150572,6.318678191124013,-269.83515578968627,24.008299975310532
4053,16.69818494657354,6.355024373228694,-272.51549664940296,26.111672138179006
4054,18.660245969765207,6.242241650356512,-275.04948018559037,27.920241753472013
4055,20.46335035956185,5.999654091710033,-277.4201296591303,29.44483314332745
4056,22.11689480562474,5.653501571347437,-279.6202303964432,30.708131898148583
4057,23.619608729863902,5.231700565689546,-281.6442005704589,31.735284798337005
4058,24.950428980249885,4.760097757089953,-283.4884649342172,32.54989767008909
4059,26.087123908101837,4.261491617647198,-285.1585655842624,33.176320026781475
4060,27.022285491777122,3.75516728417023,-286.6624561478279,33.64007670697362
4061,27.756023248804777,3.2521139274589275,-287.9934094916679,33.9616335229491
4062,28.27385468723311,2.7493909629474187,-289.1268327785722,34.14569321926883
4063,28.536774420138048,2.2345344670703584,-290.0298879615902,34.18339091760539
4064,28.50205326936812,1.696651059451479,-290.66851150303023,34.06944990216067
4065,28.1529500525434,1.1358746762338092,-291.01023939858595,33.81081689461009
4066,27.515809153819188,0.5662564768477395,-291.0326204609876,33.42525103353491
4067,26.647697833099425,0.009432198426830962,-290.73464411305616,32.939333699046834
4068,25.61463572598294,-0.5142632044923279,-290.139240799683,32.38519432445229
4069,24.48248216559824,-0.9914310837155178,-289.2897112049528,31.795418109128832
4070,23.313189761235826,-1.4167331127423046,-288.2386003004048,31.20070640169407
4071,22.16570946766049,-1.7925115758705392,-287.02885280657523,30.63070653110398
4072,21.083165207145626,-2.1272968921515085,-285.6799380622945,30.107618759101275
4073,20.07540381817244,-2.430726856900132,-284.1898530498556,29.633768397958793
4074,19.125109419419438,-2.7098916842393534,-282.5482682656574,29.18903901472505
4075,18.208042863369528,-2.9675885022766377,-280.7408552738457,28.74339603962067
4076,17.30689803082751,-3.2003632539747904,-278.74811983538746,28.269602986091723
4077,16.40338246771023,-3.398354757151183,-276.5490039200486,27.746897580417492
4078,15.469319469433366,-3.5467937454134866,-274.12487634691996,27.16289634881692
4079,14.48055240651967,-3.628090641364542,-271.4632958780502,26.516363411174318
4080,13.440884579344456,-3.6261238533566367,-268.56070483133476,25.815817637395853
4081,12.38766113459825,-3.532286912469476,-265.42448337603946,25.077081955158633
4082,11.367048143812804,-3.350327136461959,-262.0778471867018,24.323672295631333
4083,10.41071804367454,-3.0980542076037825,-258.55988241374524,23.57969063830749
4084,9.535925195872263,-2.8016117291600615,-254.91380151203984,22.856844851293264
4085,8.76317363416916,-2.4847202214556234,-251.17796041417245,22.15360073908347
4086,8.155683154258924,-2.163752359858557,-247.55765126494327,21.516861136493887
4087,7.679620980231453,-1.8398422963247794,-243.78646434423925,20.84831855304546
4088,7.293077989751907,-1.5198565008818101,-239.78914455843855,20.097139609096416
4089,6.953027338494822,-1.2123549966241591,-235.62240191400858,19.250483573009856
4090,6.637542993771535,-0.9249768920763146,-231.4247511871056,18.33005861178724
4091,6.345221943104493,-0.6648650582331125,-227.3743545557418,17.383430407287623
4092,6.075383581672911,-0.43880700070235434,-223.65368018031066,16.46777010736733
4093,5.82262260637,-0.2531061654201523,-220.4220564913247,15.635474069699262
4094,5.584863865637733,-0.11244320888648597,-217.79664146482432,14.928773518054914
4095,5.375162781773378,-0.01730113256343466,-215.84107144840695,14.379745109844443
4096,0.016253346762227727,-0.2357723576441087,-0.25610879179192336,-0.11632872310875295
4097,-0.1280354989368498,-0.551161931559715,-0.5263806690776798,-0.2810544389886319
4098,-0.396625947116369,-1.002831833590466,-0.9061821911078465,-0.5472183758993769
4099,-0.8325925608991323,-1.5894732467301678,-1.3973306245485846,-0.9506308926104663
4100,-1.48120528555478,-2.3008410042979066,-1.9845409947637564,-1.5287839018287617
4101,-2.362527794048501,-3.119169815143835,-2.636769105182469,-2.3068125118838223
4102,-3.4601072991168933,-4.020186721021107,-3.317449093934655,-3.2895269217439997
4103,-4.730439393704663,-4.976422554078111,-3.9917418346521947,-4.4600557341545795
4104,-6.121502573420993,-5.963184264898161,-4.629380020017997,-5.783736538285651
4105,-7.581165417876958,-6.965627018563149,-5.209112928225035,-7.214224427535506
4106,-9.057027348166509,-7.986815603375527,-5.7290730592574945,-8.701790927061692
4107,-10.49648083169329,-9.021549319923222,-6.1812227320114355,-10.182903115826024
4108,-11.864763331806333,-10.060593211148928,-6.564407457879542,-11.596815429655905
4109,-13.145218142092396,-11.092689167954763,-6.889274146696698,-12.894868176524511
4110,-14.324911186265263,-12.106530084298294,-7.178041151441334,-14.042913781484382
4111,-15.385640810571301,-13.08958397674059,-7.4554832026537765,-15.022237295459378
4112,-16.303940706844717,-14.02773745881477,-7.738431545527992,-15.832203341636285
4113,-17.064387577679668,-14.906513958509635,-8.03021369384718,-16.486190559258258
4114,-17.671874465018487,-15.712735535160956,-8.31981288320724,-17.003964678487343
4115,-18.14076394585512,-16.437357312697976,-8.582892408399854,-17.40907807497326
4116,-18.476786622648927,-17.07803418842829,-8.78815926951496,-17.72165499622867
4117,-18.675659324933388,-17.63640772664263,-8.910636652882612,-17.953387254911927
4118,-18.745722976464023,-18.11369641793764,-8.933702941506937,-18.110734629526934
4119,-18.719330732144854,-18.509991277359635,-8.839630078626728,-18.193513488268223
4120,-18.63267194625761,-18.824559143289743,-8.616156575627151,-18.193386693402505
4121,-18.50295374604885,-19.055853170166642,-8.274260572191116,-18.096522818803493
4122,-18.32078345708283,-19.202429890361962,-7.849932398178651,-17.887289078340753
4123,-18.064104355356026,-19.26364851385004,-7.387821846448561,-17.55270681951767
4124,-17.71268399601652,-19.238959803767475,-6.931865445333841,-17.0854013681293
4125,-17.24778690036157,-19.12606964960656,-6.5299818445694315,-16.48547902651384
4126,-16.65108187489156,-18.918804367737728,-6.226274244360004,-15.762030769933943
4127,-15.903223215844891,-18.608159559003802,-6.042580617677683,-14.932298904662188
4128,-14.992848578004264,-18.187669559685265,-5.974030175226716,-14.02340728057489
4129,-13.935343552766163,-17.656846435672875,-5.9982081653282755,-13.075504238725099
4130,-12.772352512525305,-17.021504313213075,-6.085675350094446,-12.135783750040321
4131,-11.547548753433922,-16.29417850375919,-6.2026703116867665,-11.246964711894256
4132,-10.28516696737133,-15.490611179478844,-6.306267105545318,-10.434331165483435
4133,-8.98992271456766,-14.62241206487491,-6.352955356611187,-9.699139589811118
4134,-7.659319928111928,-13.697831146684148,-6.318478755784988,-9.027602319137571
4135,-6.296312787333873,-12.729120075616011,-6.20343127189634,-8.39788024083216
4136,-4.903566283497683,-11.733887229249465,-6.027453731190546,-7.778655506407299
4137,-3.4752719811019865,-10.73182818433486,-5.820518194826039,-7.134086320007576
4138,-2.0138486557904662,-9.742112844728748,-5.613421319258285,-6.435731577289447
4139,-0.5438594884900213,-8.781134736106333,-5.432736368514457,-5.67285392803234
4140,0.8931413193448019,-7.8616519962903535,-5.297417615553,-4.854376423179745
4141,2.2525618528711586,-6.9948509011892375,-5.212865959833391,-4.004296315601044
4142,3.4922829938253255,-6.19277108553648,-5.164813842375798,-3.154955856860322
4143,4.568596987020439,-5.469646206081266,-5.1259538484856675,-2.3399748803297453
4144,5.433589594567469,-4.842117958229336,-5.072927416448519,-1.5922669400382325
4145,6.040054614321215,-4.326142230614654,-4.991469930497552,-0.9437128872204831
4146,6.364484610161794,-3.932013088262243,-4.8719073244466164,-0.41693379397260394
4147,6.421605331654873,-3.661996417453856,-4.708104796393554,-0.017951909575273137
4148,6.249673330311512,-3.5109408582931363,-4.503281426059572,0.2599462204083869
4149,5.883876292857061,-3.4685528840998736,-4.279614803842189,0.42671197093546326
4150,5.341220270910151,-3.5229846265736957,-4.07395966027728,0.4858168454892102
4151,4.630737305458263,-3.6612192718985535,-3.9175694455938035,0.433742255415404
4152,3.771690558553112,-3.867803455278036,-3.830273705824798,0.2667647780270519
4153,2.7989619631221516,-4.127567474538507,-3.8255179677843745,-0.017517639046564254
4154,1.745411840091672,-4.42664062026212,-3.9027088753430546,-0.4188937784064901
4155,0.6264431359729244,-4.75154855232402,-4.042679911762719,-0.931139843891051
4156,-0.5518222137079158,-5.090092726405674,-4.217579736401752,-1.5425295989307086
4157,-1.7792573719750722,-5.431076673366352,-4.40682017799421,-2.235980379590004
4158,-3.0292781086675933,-5.762097852016185,-4.602304281508442,-2.986234208390974
4159,-4.2625106627802145,-6.069104158822112,-4.801295543283745,-3.760079859446746
4160,-5.444955096064782,-6.339545780870696,-5.004686649706103,-4.522207446161817
4161,-6.550246317039416,-6.5638023453157315,-5.2175501839664875,-5.240560873621909
4162,-7.543890083565681,-6.73501868023357,-5.443533877227917,-5.882549982394398
4163,-8.37779663511445,-6.849571866756931,-5.678952021129735,-6.41317365945773
4164,-9.015752601027573,-6.905778008525266,-5.912038437117831,-6.809814387551971
4165,-9.457997411952249,-6.90314834582349,-6.12431658816387,-7.076682775519895
4166,-9.734357786790465,-6.844229598977734,-6.288772421482466,-7.24306817868117
4167,-9.884488291933977,-6.735714478551086,-6.370074442697344,-7.35436933386007
4168,-9.947117207150367,-6.586220347732459,-6.33592959091402,-7.464766919747465
4169,-9.966651653470306,-6.402822306312284,-6.17078148515627,-7.63367888384145
4170,-10.003671273861054,-6.188366697133767,-5.8815969252897355,-7.919868891256836
4171,-10.119389765343803,-5.939765649339623,-5.500818675614536,-8.368637736084995
4172,-10.341856784489556,-5.649202029362087,-5.077632985107155,-8.998114513171032
4173,-10.657620484269282,-5.309723511458237,-4.656844229161417,-9.796861928988003
4174,-11.033085977034801,-4.922001865696906,-4.266624372693888,-10.735116937243738
4175,-11.4372328998319,-4.495498352105442,-3.9190282564994265,-11.773026915833803
4176,-11.847460265551618,-4.045394760300811,-3.618508442317594,-12.862262094449347
4177,-12.233458950863296,-3.589955917976581,-3.365403328215063,-13.947759484109321
4178,-12.5513115589948,-3.1492377004686603,-3.1521770514313823,-14.971638424844377
4179,-12.765368200217477,-2.743763520350979,-2.968158622682805,-15.88220619667464
4180,-12.865457113578854,-2.3899719619771775,-2.8065037813438947,-16.641043402769455
4181,-12.859735194380882,-2.096373955885526,-2.6646125915863954,-17.216867052993557
4182,-12.75324781403212,-1.8644070524324934,-2.5437382179676056,-17.57701037274253
4183,-12.540212553566139,-1.690591174769222,-2.4488218958430257,-17.693221580410842
4184,-12.215083131828738,-1.5669540089797052,-2.3873699744373407,-17.550583769340502
4185,-11.780271322028721,-1.4820089654285111,-2.3659154655455468,-17.14788241809896
4186,-11.247402039394597,-1.4236194629109362,-2.3827703524031447,-16.498822300247905
4187,-10.628161453512268,-1.382055101931047,-2.4252262985054704,-15.634220835229998
4188,-9.927585180200676,-1.352900445448146,-2.4770484835283635,-14.598578447128011
4189,-9.158966349632378,-1.3382755150784735,-2.5311485373933458,-13.44512092157236
4190,-8.353328499989313,-1.3427016739792748,-2.5967027596386716,-12.228641023983698
4191,-7.54839461084062,-1.3660395075814857,-2.692258491388053,-10.995335463327354
4192,-6.773287746279952,-1.4034883569855137,-2.8331050601340144,-9.776972620745097
4193,-6.03891522318715,-1.4506525647853916,-3.023007442920108,-8.589920505008333
4194,-5.34135450436097,-1.5028899393117776,-3.2518421074875845,-7.43381648851647
4195,-4.678305924546364,-1.5528353809899285,-3.501829839776625,-6.295512440072832
4196,-4.058743594015617,-1.5935646983231224,-3.7535323190121694,-5.159438692660306
4197,-3.4918239103968016,-1.6236604187929902,-3.9867214803891713,-4.0164340794121625
4198,-2.973229017430539,-1.6460981662045573,-4.183466587368255,-2.8664017760204863
4199,-2.484938372310991,-1.6608112156792192,-4.330005709014951,-1.7144847068003564
4200,-2.0115320375229833,-1.6596864397832087,-4.420508633892172,-0.5701934186069746
4201,-1.5556259355704585,-1.6296146365028825,-4.465941277303258,0.5501576984622566
4202,-1.131720194175854,-1.5595080689623064,-4.4934008985925615,1.6250801017097083
4203,-0.7518411273617075,-1.44396518393718,-4.536725249698745,2.6319561969392438
4204,-0.41875505613847386,-1.2828378819225184,-4.624895498712406,3.5518283566688917
4205,-0.133668498799246,-1.0789480255847739,-4.768445102259698,4.370391222118896
4206,0.09573755236753898,-0.8376633560519715,-4.951895620032827,5.075459539551353
4207,0.26084491305181073,-0.5682930660688074,-5.140090086903692,5.6543926766328445
4208,0.3585542418416334,-0.28273532459224926,-5.293257790219376,6.090152793560017
4209,0.3960945398861645,0.007270814809843332,-5.375560203437925,6.365278216652133
4210,0.38494186420819393,0.29223223960281275,-5.358836706689843,6.472781056732871
4211,0.32493559669974004,0.5661195245404547,-5.231666527921624,6.420732537177486
4212,0.20981358972246797,0.8266365658712413,-5.008611402793401,6.231104618153787
4213,0.05071528030970359,1.0766219911240613,-4.729095249155148,5.940110319337503
4214,-0.11769944840344564,1.3115965298342007,-4.452912211562585,5.597681407766684
4215,-0.26030285518244656,1.5609310777209386,-4.2314939419152156,5.26239643703606
4216,-0.36458903969146156,1.8364817273956615,-4.101259991215802,4.978385903879715
4217,-0.4272520485076021,2.1354796286970346,-4.079379736857282,4.772268242721116
4218,-0.44131319099671484,2.4465523060526277,-4.157995356881166,4.655817891286892
4219,-0.39982970616777685,2.7546649855112357,-4.3079781128576675,4.625083964804442
4220,-0.3101348246284884,3.043893434468957,-4.493040949669411,4.661435019372907
4221,-0.1954934397891509,3.299023031054095,-4.679177475789651,4.73838624524031
4222,-0.08263717829214852,3.5068535876938527,-4.8397271575061795,4.827331368720692
4223,0.01189890596989773,3.6586499238830177,-4.9574077031109285,4.9029570748556
4224,-0.21677820903110503,-0.27412769046260593,-0.23700705082255666,-0.33069024068371944
4225,-0.5768774880981522,-0.6328447360748055,-0.5517214835553419,-0.7156815064707918
4226,-1.0907012104125968,-1.1658898317279518,-1.0237178563386862,-1.2511786999743988
4227,-1.7592884470603358,-1.882854785068718,-1.667622248296601,-1.9290985440236863
4228,-2.5756586304630633,-2.776687589006317,-2.4848446528742576,-2.730359649044337
4229,-3.5141105226275604,-3.8255668232168025,-3.460995169746547,-3.627597266697485
4230,-4.532867891566377,-4.995958835507491,-4.569584503266979,-4.588521186086495
4231,-5.592592307263044,-6.246369361315972,-5.781922390836618,-5.580542819498939
4232,-6.672298058403297,-7.533131892432428,-7.072128103459295,-6.577280131410031
4233,-7.7685949663000855,-8.820037442679729,-8.419409784627677,-7.566615248671489
4234,-8.88670733573935,-10.09253143042312,-9.814618494672633,-8.560884628377647
4235,-10.015975886564842,-11.328642310922044,-11.230457360885701,-9.55892175114344
4236,-11.147099663027111,-12.512395391148917,-12.631691697900614,-10.557142266878925
4237,-12.272204544570657,-13.631597558172624,-13.98061204047657,-11.54944984084974
4238,-13.37107911170395,-14.674163757862535,-15.241899625898974,-12.525384009582893
4239,-14.409671051343526,-15.627555816809249,-16.387458927370524,-13.467439359905491
4240,-15.357572863804021,-16.4800873928409,-17.404552133306783,-14.35398795915131
4241,-16.202563894743193,-17.21925868157227,-18.295152330604036,-15.168871365703787
4242,-16.954075831083898,-17.829945104861434,-19.067672107826173,-15.905144218207868
4243,-17.626586911399414,-18.29769319811277,-19.732862618943486,-16.559726017036596
4244,-18.21966250763571,-18.612769696900926,-20.30215233846665,-17.12938763212563
4245,-18.719013825050588,-18.771644678312253,-20.786521911915695,-17.609922868148683
4246,-19.11304445736191,-18.77674487772629,-21.19354656211828,-17.995862241019438
4247,-19.402931025213064,-18.63662420258384,-21.520936931423243,-18.283220486014987
4248,-19.590174354426686,-18.367525434878043,-21.753418573043046,-18.474232057361803
4249,-19.665811575884312,-17.993779730983903,-21.87031023872106,-18.57772835378054
4250,-19.61803923183601,-17.5444500484574,-21.8588935642357,-18.60674660330833
4251,-19.4486011368653,-17.04717397389779,-21.720138871040753,-18.57743950949642
4252,-19.180365795454257,-16.523139009152658,-21.468278878847975,-18.50580046880103
4253,-18.847469016509006,-15.985440619560329,-21.13046975212742,-18.405242202799492
4254,-18.48122483775436,-15.442128846888837,-20.74424047610676,-18.290426670751973
4255,-18.09773936492441,-14.900554486165975,-20.349804211247598,-18.171582054574785
4256,-17.695452793353862,-14.367439179204256,-19.980020618313233,-18.039823490318664
4257,-17.262193319075564,-13.847366211200342,-19.652984049165504,-17.8672304961207
4258,-16.780292651913573,-13.343995730627043,-19.373164207116684,-17.620822273695296
4259,-16.229176855872787,-12.861987892779302,-19.13989031797809,-17.276357180174564
4260,-15.593201021801887,-12.406922513254166,-18.950104255481005,-16.823999155272265
4261,-14.880319729853138,-11.984622124117179,-18.79643672225126,-16.269951147489053
4262,-14.128126668469344,-11.60004091052824,-18.669275260419603,-15.635878921935614
4263,-13.383112859379446,-11.25431956146393,-18.560700100190672,-14.954235669754526
4264,-12.673960485576522,-10.941902594283595,-18.46695995142226,-14.258668250156099
4265,-12.000926130234834,-10.65022671251847,-18.38659863793745,-13.570722128349113
4266,-11.35258349847018,-10.362746016518257,-18.31570502495727,-12.898199715266234
4267,-10.72524424877371,-10.06294697071875,-18.24696209072036,-12.243004215532505
4268,-10.11816333693714,-9.737536239765761,-18.1711019689836,-11.60308807392926
4269,-9.515832156653687,-9.379854216421926,-18.08064375110851,-10.971295930085969
4270,-8.88452445038932,-8.991667838862675,-17.974280315332862,-10.336814809431223
4271,-8.197821408335555,-8.581020609205783,-17.85474655970219,-9.686678250997355
4272,-7.46984825188824,-8.159878508746505,-17.725886922291384,-9.014848470016137
4273,-6.755227534350442,-7.745281214489105,-17.594450390680727,-8.340464980398664
4274,-6.11730744048278,-7.359274980121862,-17.46993946611438,-7.70250882570125
4275,-5.606528981923409,-7.024039650070786,-17.35989303156296,-7.131253696274341
4276,-5.256984492630414,-6.755836330529076,-17.265983969704628,-6.635028963332053
4277,-5.082099841900401,-6.560999835546457,-17.182658554609517,-6.206109741017336
4278,-5.065815253411051,-6.434317663871141,-17.0968206124407,-5.830436007178346
4279,-5.157736827267966,-6.3617547991055705,-16.988647899201958,-5.492351610141514
4280,-5.284720950975599,-6.327340443416859,-16.83441275962935,-5.177800752723302
4281,-5.375230426635947,-6.318132127364315,-16.60999194491297,-4.879798146505989
4282,-5.373928294668178,-6.32436803756075,-16.29343217119143,-4.602436296459619
4283,-5.237946326776955,-6.3380389129619,-15.868451584933077,-4.358076087339372
4284,-4.929067108800662,-6.353476954311278,-15.327174019110435,-4.160788358094586
4285,-4.421736929714752,-6.3679765183024495,-14.671489427604007,-4.021947589311332
4286,-3.7197719595769576,-6.37923425048597,-13.914212991573974,-3.9432709524204514
4287,-2.857403543383412,-6.38301919183788,-13.077807113787749,-3.918575367891425
4288,-1.8803646209604061,-6.373513320434455,-12.193385535470854,-3.9446449375474755
4289,-0.8209414798511905,-6.343111776006506,-11.299177170220975,-4.0203794727878694
4290,0.30769093837117,-6.281557377550174,-10.436303113337422,-4.13817342630577
4291,1.4966440076508094,-6.178420909278731,-9.646861875880038,-4.284597032827844
4292,2.726720158205027,-6.027690729282421,-8.969088620744857,-4.4502792972468
4293,3.9606576942089293,-5.8301740330670535,-8.427516512889758,-4.634421405180037
4294,5.1457985011735365,-5.594075689539558,-8.030881309025025,-4.837048906207364
4295,6.225888222356785,-5.3335862370099605,-7.77761869419882,-5.048665866822956
4296,7.155517447246916,-5.064350141480816,-7.6575033339322784,-5.252718216675164
4297,7.904311897766491,-4.798191956372794,-7.652588656033893,-5.436973716297839
4298,8.449060460185082,-4.541862544802076,-7.743357217651514,-5.598664638031623
4299,8.775917756573248,-4.299668006969056,-7.913759951016628,-5.738777946999642
4300,8.892983121100624,-4.075122943850306,-8.150040793423889,-5.85298853809036
4301,8.83009728888644,-3.870018913791382,-8.436282170532262,-5.932247778622992
4302,8.624004198682194,-3.684878656081865,-8.752823782304379,-5.971115850316931
4303,8.304102566456791,-3.521912689613956,-9.076081796585044,-5.976058430276777
4304,7.88950961204958,-3.384387531235522,-9.378865887555497,-5.961585085734741
4305,7.394389535351092,-3.2737029389270837,-9.633222488350189,-5.933370061116287
4306,6.830923933916848,-3.189513634976891,-9.814833161684378,-5.884258002653946
4307,6.204324008084701,-3.1298452459553063,-9.90642253149079,-5.8090991852729665
4308,5.508134101560433,-3.089735671470333,-9.89630943063942,-5.716989858434583
4309,4.734667629456695,-3.061131998719612,-9.779233417760077,-5.626588062225969
4310,3.8948264441481983,-3.0336107473415566,-9.560866259027494,-5.553059722362027
4311,3.0212075305165484,-2.9948975225411565,-9.253755297693273,-5.503977001604209
4312,2.1491648656588174,-2.9324469140634006,-8.867763881025507,-5.4842709715719336
4313,1.3001190375529277,-2.8366841006971235,-8.408128843335984,-5.497432180774045
4314,0.4778995017468006,-2.7047679145168466,-7.879963797310289,-5.540301217636963
4315,-0.31915847232355915,-2.5402132376612765,-7.288022206941413,-5.605579774019693
4316,-1.0859366531854169,-2.3464662386780577,-6.63412659383677,-5.688774356623773
4317,-1.817285704283541,-2.1241444334775066,-5.9245692698169385,-5.785830636385083
4318,-2.5122510297235188,-1.87546710556717,-5.18005365693337,-5.892139835073891
4319,-3.1693657694400534,-1.6078507907024588,-4.434214910930397,-6.0076668996365905
4320,-3.7823689152070576,-1.333229648539126,-3.7255856829655145,-6.136337374809374
4321,-4.3371509750859225,-1.0663222745971617,-3.0907143110757604,-6.2799349500697375
4322,-4.820756062816383,-0.8235917571089788,-2.5572451590523233,-6.438702100662574
4323,-5.238843419132267,-0.6213960689460647,-2.1369830434386614,-6.614607933655313
4324,-5.6185742351877375,-0.47494671716646436,-1.8228195490238714,-6.806294293052088
4325,-5.9883263769815125,-0.3981545460610516,-1.5937518853176014,-7.001828745793383
4326,-6.364418923664268,-0.4003724071274739,-1.4234980585901027,-7.182775177685931
4327,-6.756436481846847,-0.48198939299235793,-1.284142621546764,-7.338331196515968
4328,-7.165173711818289,-0.6334540136130594,-1.147041207292765,-7.469626445710112
4329,-7.571015027964525,-0.8369972899183145,-0.9837034037351038,-7.581372901300067
4330,-7.927585409783842,-1.06914026285807,-0.7681209597582235,-7.674904216528996
4331,-8.167767678431787,-1.304332164645539,-0.48076111453070236,-7.744330529758589
4332,-8.222430071928116,-1.5198925879254657,-0.11068896619784913,-7.775946921928123
4333,-8.04186552468084,-1.7004994192624043,0.34319266589590086,-7.754553272462626
4334,-7.601818307334145,-1.8395546142420618,0.8744709036476934,-7.672730085910767
4335,-6.895387589311738,-1.9354281726511215,1.4766085289791133,-7.531625680710461
4336,-5.926598181204069,-1.9855961051543267,2.1434277266691035,-7.328803851171993
4337,-4.712650517896885,-1.9851962515691668,2.8633630353551185,-7.052969613739188
4338,-3.296205985646873,-1.9301150336413988,3.619887824579703,-6.69716341054179
4339,-1.7462792585314295,-1.8193534531757591,4.393903318919174,-6.267316739988896
4340,-0.13246848471700662,-1.6550687415511987,5.164017392908994,-5.775559863614596
4341,1.4989493897028028,-1.441699780186317,5.909717257966672,-5.23333614466778
4342,3.1156529318366695,-1.1978851110258537,6.603483861297987,-4.6758996382865785
4343,4.677757551729309,-0.9163425076638693,7.264272978296011,-4.062870019126203
4344,6.1316301167743665,-0.6048490378066798,7.898433146307311,-3.38790355410073
4345,7.426266602951502,-0.2809928334676573,8.501460367796058,-2.6655651881507993
4346,8.521997286645412,0.034559153606977464,9.061330982669594,-1.921996952269007
4347,9.396028807200132,0.3227425182509722,9.5630806854489,-1.1906001890742588
4348,10.044976110725868,0.569011249665272,9.993379312773035,-0.5089305395363911
4349,10.484558420392982,0.7655211886239268,10.343166488586132,0.08638792609450488
4350,10.74664967689919,0.9115737912899498,10.608785641210789,0.5668181509872797
4351,10.8738857908694,1.0117061102440728,10.792412834737382,0.918926587639117
4352,-0.06611352179895408,-0.21820181664848393,-0.4770516909817923,-0.35971937459853137
4353,-0.2815022785491632,-0.537685357289275,-1.0983694808644349,-0.8316885391949729
4354,-0.6028232504245385,-1.0233702841536765,-2.0090367222180023,-1.5160282621481773
4355,-1.046567482212839,-1.686571364615841,-3.2130812005344875,-2.41540267765688
4356,-1.6259389442973984,-2.525714451710131,-4.686181543131633,-3.511338885786735
4357,-2.337670463209843,-3.5265072553411887,-6.377713525050651,-4.7645304547287175
4358,-3.163512292149854,-4.662901086954303,-8.216755549975039,-6.119363264821672
4359,-4.087977980679663,-5.900214487667835,-10.12335909628927,-7.513450625012814
4360,-5.101565396024137,-7.199830448100839,-12.021837529918013,-8.890008540374186
4361,-6.18864731697831,-8.526347992929981,-13.855977563784561,-10.210100223353159
4362,-7.323456683841601,-9.859710659774494,-15.610801724746965,-11.46542704661272
4363,-8.474591806345844,-11.171746438497554,-17.25964954539006,-12.637244693165012
4364,-9.623987613538402,-12.438192282505625,-18.786172074831843,-13.710061478877842
4365,-10.76637215005977,-13.640997672738003,-20.184158342060368,-14.676288130445949
4366,-11.889723488504421,-14.76788265847373,-21.45345214071285,-15.536658287060188
4367,-12.963755916559705,-15.80996045525691,-22.594218924855436,-16.29469580705839
4368,-13.958802274025937,-16.761067503877186,-23.60375631327287,-16.95255206014039
4369,-14.86590683777042,-17.617047993058137,-24.478906470898533,-17.50988827853834
4370,-15.685445474693848,-18.374460393955275,-25.220369871966323,-17.963811667961714
4371,-16.406672763309682,-19.03205691159172,-25.83199033618878,-18.30878107624032
4372,-17.01196138400222,-19.591494632565936,-26.31643312276289,-18.53613569048885
4373,-17.4900434913898,-20.05357657161239,-26.673178255972246,-18.638676044158046
4374,-17.8360497140901,-20.416979644982973,-26.900233524755517,-18.619495000682655
4375,-18.04329175999334,-20.680450660436286,-26.997894111415533,-18.492775969281407
4376,-18.092840448094854,-20.84372550773751,-26.971416807714352,-18.275901242186105
4377,-17.96048341102919,-20.908312737661067,-26.833352588897217,-17.98187306292426
4378,-17.638816689034723,-20.878132437569985,-26.60576834960844,-17.618385720278035
4379,-17.14073228420781,-20.758524269456753,-26.31750265431859,-17.193475973850084
4380,-16.48292493588987,-20.554939789282308,-25.997960537062834,-16.72224826653966
4381,-15.671091636753728,-20.274107806498495,-25.67327876630551,-16.22800313597062
4382,-14.702697732339814,-19.925048505345476,-25.36465341871473,-15.732208082510239
4383,-13.584014134295632,-19.516631730717272,-25.08588828628292,-15.24393228200065
4384,-12.339559845811165,-19.055818141716323,-24.842415437139405,-14.761969528635875
4385,-11.007565143931076,-18.548993945219515,-24.63343709144216,-14.281174611719035
4386,-9.622664188012207,-18.003851967920536,-24.45130663707058,-13.798327600377574
4387,-8.20440622697054,-17.427486004904956,-24.279410988018423,-13.31550279022217
4388,-6.767346208343096,-16.821427337757594,-24.09576196949211,-12.834847778832101
4389,-5.329914433466347,-16.181692228754386,-23.8805626576996,-12.354742034557546
4390,-3.9196814163094826,-15.504232052511783,-23.62145616236972,-11.874336667017497
4391,-2.5785667689399236,-14.78966994882709,-23.3144451107407,-11.398550135151094
4392,-1.3548441948201344,-14.044822909802914,-22.961789830311275,-10.94257258955329
4393,-0.2902615154814051,-13.283030444079097,-22.567830980568832,-10.53461328412381
4394,0.5795201752378399,-12.523528809537114,-22.13649609374254,-10.214725652764027
4395,1.2085993993220738,-11.7888069652672,-21.671542262267163,-10.03502052124367
4396,1.5364849312603204,-11.101659415075922,-21.177552009006614,-10.051016090088881
4397,1.5092589489091004,-10.481924210952908,-20.661211494550535,-10.300365093580021
4398,1.1026124829511226,-9.94285364866261,-20.131973867713704,-10.788168132120244
4399,0.3329807830426899,-9.49026399703837,-19.600904781222773,-11.490524628633377
4400,-0.7416651098770776,-9.12588026285525,-19.077916992770874,-12.363034992839774
4401,-2.0298949554292456,-8.849359728772166,-18.5694680203765,-13.3395330484905
4402,-3.4190180468308107,-8.656689675711084,-18.076654231084902,-14.333795652706046
4403,-4.7886209215464755,-8.539551614953853,-17.596165950728672,-15.252802742601716
4404,-6.029588237932476,-8.486960045314834,-17.125373327631046,-16.015139382381594
4405,-7.054852138805256,-8.48748718151507,-16.66344359661528,-16.57045544565374
4406,-7.799993456594048,-8.52873855651652,-16.20678250083384,-16.906524367632088
4407,-8.225994377034139,-8.595234674639606,-15.746761803425668,-17.035759960001922
4408,-8.3167422658272,-8.669510631062959,-15.271129372030773,-16.977532162228517
4409,-8.086123715253413,-8.733804543989303,-14.766111919105981,-16.7531344033919
4410,-7.588834506399442,-8.771581520098719,-14.221743059102113,-16.38771587118171
4411,-6.904391750636197,-8.771238967902278,-13.638088778778728,-15.906443761158968
4412,-6.1033367933755205,-8.730163959547841,-13.023676677517708,-15.323625470537333
4413,-5.229925984811271,-8.653761620050176,-12.389236107450763,-14.636846300935202
4414,-4.316259026243233,-8.549825776905962,-11.744373540267736,-13.835860749486741
4415,-3.400509029759955,-8.425876793675936,-11.096758802165573,-12.915408282053308
4416,-2.531817708251203,-8.289156694380736,-10.453261706542067,-11.880760995764552
4417,-1.7608406424375433,-8.14537671341017,-9.820887592453326,-10.749789341819323
4418,-1.1228511659237816,-7.998660638139409,-9.204774987050536,-9.555041222959218
4419,-0.6323470089274812,-7.850889034656678,-8.607144519053065,-8.338153520802736
4420,-0.28936508096630575,-7.698149116099868,-8.028820063423714,-7.136451110809212
4421,-0.08894443369966124,-7.531701973714664,-7.470759687789234,-5.975732391112821
4422,-0.022842834963874542,-7.342764281185323,-6.936118581967541,-4.867320808980223
4423,-0.07374754326418954,-7.124789474746797,-6.431532511873843,-3.8112473054827327
4424,-0.2197718680060845,-6.873457983940963,-5.965362658041947,-2.809403388594808
4425,-0.4512883594862605,-6.587700713154586,-5.546205638729273,-1.8704500748296895
4426,-0.7729223589662697,-6.2723864874477115,-5.182669837282422,-1.004232718119499
4427,-1.1843597856867518,-5.9369773837744075,-4.883868096239681,-0.21758983940019336
4428,-1.6727823400002677,-5.589559664421692,-4.659611911401082,0.49145299479954363
4429,-2.219510725041861,-5.233201266860592,-4.519092282080496,1.1381094730932395
4430,-2.803535676725102,-4.8668516739382905,-4.468842145078358,1.7436349107302984
4431,-3.401269781357561,-4.487604261321671,-4.510951956417054,2.320971144463304
4432,-3.9853503477579593,-4.091465793915783,-4.64323990740654,2.864861832532576
4433,-4.525744414674587,-3.6721705299259164,-4.857535044411675,3.35522916392799
4434,-4.996283676085277,-3.222190968634413,-5.137154556965736,3.7655943352211874
4435,-5.3905573584294615,-2.737663603335183,-5.459183853232972,4.067281927252123
4436,-5.7302639982285815,-2.224630697043455,-5.796350049212783,4.2317052947709275
4437,-6.050150585407008,-1.701134598912033,-6.118006406027739,4.2289607887732865
4438,-6.374277991341763,-1.190013123718671,-6.395258169983859,4.036300258710184
4439,-6.704310606147047,-0.7112841155840154,-6.605296789357813,3.6568406428396503
4440,-7.036045931469496,-0.2827670383670185,-6.729930744376694,3.1216939273199533
4441,-7.379759406404457,0.0797388140895916,-6.752571636007176,2.4799830985386944
4442,-7.752423034669364,0.36668062358789083,-6.662504206307902,1.788953361188502
4443,-8.16413445235224,0.5784061874254878,-6.461394134410682,1.0970764830138482
4444,-8.617168802931362,0.7231849866388967,-6.161522651291828,0.42489290170781957
4445,-9.112560918074326,0.8142018984557073,-5.779034877067783,-0.24341415097310126
4446,-9.658207919031126,0.8713771248779613,-5.331620993917945,-0.9517262026041401
4447,-10.26591983416403,0.918237311018768,-4.839949315487197,-1.741804324588546
4448,-10.93566187846371,0.974471006968582,-4.32547650382518,-2.6235966264236845
4449,-11.642091562795134,1.0508034557546324,-3.804105375806632,-3.5688792967824883
4450,-12.348966633063299,1.1477834305920729,-3.284967348264059,-4.531967053874125
4451,-13.041470661212246,1.2595643375821686,-2.772031230158646,-5.484124671201508
4452,-13.726191299237115,1.3770649899909126,-2.2576447431836897,-6.417839769275133
4453,-14.403766990483001,1.4873892692879533,-1.7245921951233665,-7.328478449306928
4454,-15.058593237330545,1.5758251545878637,-1.1600902639836999,-8.195355264549828
4455,-15.667872698387951,1.6337624447100452,-0.5656335360618725,-8.96424993085374
4456,-16.22029421177483,1.6577222048792464,0.043598290128097364,-9.583237607063351
4457,-16.730254954786897,1.6387765243696604,0.6399988445273012,-10.060657178218772
4458,-17.216541530823886,1.564121380015447,1.1890771903347788,-10.457561076666755
4459,-17.676720455746725,1.4280795714239924,1.6686232882916257,-10.841784424424658
4460,-18.08979269828754,1.233870701291889,2.0742013948490463,-11.243642182672648
4461,-18.426615027579853,0.9875998784349682,2.4142179856252195,-11.636218362761527
4462,-18.66418806105556,0.693837159001488,2.6903264379211627,-11.953315997639638
4463,-18.784408937578327,0.355172573056528,2.830889847908297,-12.131950283149548
4464,-18.75470571134854,-0.019676637701077512,2.6263050351334534,-12.156472023313215
4465,-18.5465927804358,-0.41147295220708974,1.7348145088022102,-12.066396952139277
4466,-18.179898224261837,-0.8015079230753092,-0.2612178042486861,-11.92462574259219
4467,-17.70416740759718,-1.1757585487133655,-3.8033190067522575,-11.778431343982765
4468,-17.136586059143088,-1.5200986805205026,-9.308926468893885,-11.63135724970094
4469,-16.459943981860665,-1.822458890621499,-17.086054310578973,-11.444838946522909
4470,-15.668661506308657,-2.0729135994620687,-26.305806465609184,-11.176289270763247
4471,-14.802447342797649,-2.2800249124366707,-38.41970231808006,-10.851401604564753
4472,-13.929219476560126,-2.457861523365983,-53.70835902672853,-10.526311908193058
4473,-13.112899947752135,-2.620938956863382,-71.608720169965,-10.251504205006428
4474,-12.385326262801264,-2.7709703399118024,-91.02944853679706,-10.023519984086555
4475,-11.750209500525672,-2.8994432015836007,-110.6381734771838,-9.797039854872171
4476,-11.215029195493651,-3.0039753268878053,-129.11366452608644,-9.546493321497703
4477,-10.795564602275343,-3.088553935942628,-145.34485466960436,-9.290257937795369
4478,-10.497366487494423,-3.153260089488172,-158.55656637053127,-9.073697362982875
4479,-10.308663782810141,-3.1951772287847966,-168.37010804354375,-8.937712384187979
4480,-0.7022351928767426,-0.3962499212089044,-8.126947450789615,-0.5248797553742461
4481,-1.7493766641750146,-0.9975989818082224,-20.41325241387616,-1.501129501906188
4482,-3.3407411920967913,-1.9245488376583513,-38.91194875261026,-3.0496357566731254
4483,-5.514821845250435,-3.205424630069547,-64.0443593611144,-5.227392158359334
4484,-8.262164975672603,-4.8424290718664755,-95.68745615823903,-8.035667082095308
4485,-11.519390803132112,-6.813995596877308,-133.16205581048814,-11.414424691771247
4486,-15.175895025227238,-9.078757768354976,-175.3016588635502,-15.24557183793892
4487,-19.10202967628629,-11.579329545614812,-220.61043985560673,-19.375957651591108
4488,-23.181482727103223,-14.250655082267853,-267.5163848255742,-23.659260074524745
4489,-27.32861780500559,-17.03217977916187,-314.7233196680414,-27.98099297330846
4490,-31.49607594501896,-19.885555249968053,-361.66357117635033,-32.27265958210239
4491,-35.592700741159554,-22.742268544791866,-407.6312604549646,-36.43811305294313
4492,-39.562355335961314,-25.52520333205572,-452.05901588202477,-40.40732239731715
4493,-43.378854087662646,-28.160163284907032,-494.46147163191887,-44.13996761000503
4494,-46.998646140879586,-30.59035207806515,-534.4325417574546,-47.60143198293193
4495,-50.346169588938615,-32.780851746564785,-571.6452166554997,-50.754670512202885
4496,-53.322861136579384,-34.71217076253398,-605.8458650564394,-53.56675783257792
4497,-55.81556279215745,-36.37508057477171,-636.8509972641885,-56.00457145524081
4498,-57.708535420989925,-37.773396702180285,-664.5403127842304,-58.03611635139001
4499,-58.900210622152564,-38.92615766091224,-688.8499026049565,-59.64476000934905
4500,-59.31667456354474,-39.86068042061668,-709.7656667896946,-60.82784080823576
4501,-58.91991930553823,-40.59956992167509,-727.3169975706692,-61.57850552041139
4502,-57.71882830337512,-41.15531182269078,-741.5705809707284,-61.876619472871184
4503,-55.76361035519632,-41.532978743693306,-752.6242496901431,-61.699522331538674
4504,-53.11627844928732,-41.7337107153145,-760.5929063988418,-61.04523203855716
4505,-49.843565533656566,-41.75879026030003,-765.600654999343,-59.94005079437043
4506,-46.041132205986436,-41.6110870765446,-767.8091539953532,-58.42953422892246
4507,-41.84854932832678,-41.29517451925873,-767.4432796664976,-56.573213642066
4508,-37.42740727387743,-40.82085404719917,-764.7650617808855,-54.430971776013514
4509,-32.91527029410207,-40.20921987495755,-760.0194023370833,-52.05055113640629
4510,-28.418867507539186,-39.48874927294226,-753.3857776028815,-49.473764266414385
4511,-24.044787842704437,-38.676147123614776,-744.9528741623183,-46.73481178934323
4512,-19.89997061444122,-37.76953912754263,-734.7148135868412,-43.855391913731054
4513,-16.07561325484115,-36.763972496220056,-722.567458502818,-40.8495206925549
4514,-12.639147648550303,-35.66299016203957,-708.3101963221009,-37.72073618550644
4515,-9.625802256339195,-34.47446116864219,-691.6759525992848,-34.45734185675905
4516,-7.031311754766567,-33.203188961835856,-672.3838370271309,-31.04039255148309
4517,-4.817114566909036,-31.85309191995164,-650.1872600046823,-27.46412499435423
4518,-2.9309188740072165,-30.43186747460117,-624.9004006544196,-23.754774874497993
4519,-1.3148464871612247,-28.948431594569172,-596.4172940486642,-19.964762875266306
4520,0.09756363310363986,-27.408391425646613,-564.7247409102754,-16.14374416803912
4521,1.3664412666140733,-25.816178936780787,-529.9068794984559,-12.318281337039927
4522,2.532596791842478,-24.17775175467312,-492.1641704877328,-8.501382353143011
4523,3.6263510454318575,-22.498122959224382,-451.7912287447675,-4.716372257169948
4524,4.675499450390128,-20.78363911992115,-409.09512186742006,-1.0064291573717794
4525,5.706983377686802,-19.043873619228915,-364.3647437150711,2.5809348009169373
4526,6.7474407766667275,-17.285206497157766,-317.883760885754,6.019413273202813
4527,7.816832955869337,-15.508274847427739,-269.8987620872201,9.312282170430343
4528,8.917823653989037,-13.714554234688496,-220.54797215547842,12.476760538306802
4529,10.039038530414441,-11.912753735024811,-169.81795229809813,15.52682979762458
4530,11.169974897689915,-10.11629533517545,-117.6224732563293,18.475300239759022
4531,12.309154753457635,-8.336286937897547,-63.961540107938596,21.33844933582626
4532,13.457383969585322,-6.58233967326645,-8.957730873554762,24.12507109355528
4533,14.606298952361353,-4.867884154297535,47.25278572787319,26.824777593358686
4534,15.74076822485021,-3.2099207594975834,104.60179897085091,29.41002461723955
4535,16.855988630742498,-1.6249433798984427,163.0845988281611,31.84173725762065
4536,17.966451433346577,-0.12495262563747989,222.72339011873567,34.07342356542842
4537,19.08629763186829,1.2863172621505456,283.5352349644325,36.06054933005679
4538,20.21322017849079,2.6138641354791408,345.50679583082353,37.7729793610807
4539,21.340433352593738,3.8652066314188076,408.5805798013554,39.2027398319345
4540,22.46688494417543,5.0450299793947035,472.6368822236698,40.35864249914909
4541,23.591058897421572,6.158319376606675,537.4343260000985,41.255242713968926
4542,24.699325773419517,7.215564351185869,602.5635338056583,41.90931260071143
4543,25.762401937443673,8.229939902694781,667.4584353553806,42.34330402886793
4544,26.74867085119081,9.209872150605612,731.4071194774388,42.590697939069805
4545,27.648157171702913,10.156806705677841,793.5661919033619,42.69487046531698
4546,28.482262097184858,11.067352860189647,853.041921058946,42.69745537460819
4547,29.27833581434461,11.936049214449142,909.0452021893915,42.62554735884599
4548,30.042683280015723,12.757553630155167,961.0360420633405,42.486707757603384
4549,30.76459001238584,13.527565674704,1008.7232116738351,42.2710390545259
4550,31.435416254386634,14.242514785243099,1051.9341324264701,41.96583828224384
4551,32.05663487388421,14.901742320382944,1090.5346580094006,41.57279625421469
4552,32.630352055671516,15.512020991084352,1124.4452415597277,41.107074609540675
4553,33.145771945022545,16.083040941488367,1153.6542671562563,40.584760010193904
4554,33.57569707884224,16.615285103024306,1178.2069308976552,40.01083226735286
4555,33.89181986619943,17.096736815683116,1198.1931387676568,39.37871935028709
4556,34.07497696055983,17.510482186718644,1213.7446283087183,38.67943706493937
4557,34.10722077244965,17.84114926410329,1225.0449270669794,37.90467350612546
4558,33.97086736468606,18.077649713252526,1232.3285284260708,37.042808950841064
4559,33.65942172512729,18.216662218994248,1235.860904031251,36.07877799315666
4560,33.188372231839686,18.265084112618858,1235.9074786815909,34.99829962772803
4561,32.59329193302251,18.23929352623555,1232.700371334487,33.7882662752335
4562,31.911346570940513,18.161489099963976,1226.4143049327938,32.4403178551764
4563,31.164560656336747,18.053599981053797,1217.1654272458566,30.958793861423914
4564,30.36119025378506,17.931759773277026,1205.042070650067,29.361247112972002
4565,29.515212949266008,17.804633665920363,1190.1405021095143,27.67656299377613
4566,28.654767956626007,17.675088769609463,1172.579210105473,25.94579593925772
4567,27.802614389216348,17.541889851770865,1152.495367131118,24.213660451670734
4568,26.956038274349645,17.399169762776904,1130.0348388936911,22.509725446267343
4569,26.08765644536483,17.23611366507055,1105.3377344103426,20.844186881352677
4570,25.168340698279145,17.04333878909586,1078.5258520923328,19.227034786333704
4571,24.192419692394655,16.823460811156284,1049.7065978680055,17.685453664253288
4572,23.179038200436086,16.592784455815703,1018.9815589779099,16.256487689650744
4573,22.156639162130823,16.3726086503755,986.4477568205316,14.96530299760818
4574,21.154636315194434,16.181604813806235,952.2000311112771,13.820586642861928
4575,20.20272102583016,16.032835612627192,916.3384223183446,12.825121374124034
4576,19.331337484857464,15.93216401853805,878.9852309703804,11.981930635044732
4577,18.57170562332222,15.87930300297543,840.3057022632255,11.295434350520221
4578,17.945623456915055,15.869752506069629,800.5166972260553,10.769302614003433
4579,17.454395909176775,15.895279398710208,759.8763306045274,10.404549404420647
4580,17.085854495041392,15.945153483735842,718.656945776392,10.199877265686263
4581,16.82878717615835,16.009160080516207,677.1080525420439,10.151368299817076
4582,16.673645838075778,16.080652752181003,635.4299800976752,10.25053065081199
4583,16.596803109736033,16.15484260801433,593.7889567551547,10.478162540445672
4584,16.55325290126751,16.224553230031304,552.3577671909903,10.797737099858196
4585,16.493638523623105,16.280158121984638,511.34261250163917,11.160781369317993
4586,16.38161939492458,16.312173708203904,470.981375863975,11.520988403686436
4587,16.19597579127372,16.31175063092755,431.5204038577305,11.840880762479124
4588,15.917677521411788,16.26882260629577,393.18116534475564,12.085078683778777
4589,15.517453262745997,16.17106418895409,356.1298862163811,12.216706809197335
4590,14.967455551036345,16.005103659596745,320.4681294327179,12.21092095762537
4591,14.260449406415761,15.75865325345179,286.23452531527994,12.062533427754325
4592,13.413638469760107,15.422473282220887,253.41492242985498,11.779581467220126
4593,12.455359343008872,14.992319254392495,221.96800098621082,11.380237469130275
4594,11.40530345791307,14.470571087666285,191.84145043387534,10.885381598546566
4595,10.27371719647413,13.865414757259073,162.98237502041576,10.306308089323872
4596,9.077380307671323,13.188238259321503,135.35456197671678,9.642512848170854
4597,7.840635177222156,12.452340616747607,108.93821743381282,8.886817906739733
4598,6.602472807283813,11.68664922696465,84.47420203669482,8.051949608039212
4599,5.333380268527601,10.879375423444456,60.64129371335502,7.099777113294434
4600,4.042966358637263,10.043225547564248,37.01320089334762,6.042325634820006
4601,2.773959678520656,9.207199111043728,13.753665423334889,4.928014498142053
4602,1.5834801982150168,8.407793844227484,-8.629556823726103,3.822292888009953
4603,0.5189341786878325,7.67937248374484,-29.46663279071843,2.7850102460865775
4604,-0.39221232451627147,7.049203874831059,-48.06398616063353,1.8607240761524106
4605,-1.134780157082846,6.536291968541469,-63.819306121457814,1.083767375488777
4606,-1.6943265286692166,6.150382167893044,-76.31523164855037,0.4822666031900206
4607,-2.063181559580022,5.890542052972548,-85.38346209724429,0.0716629966299044
4608,0.11274773032190748,-0.27939563105688003,1.8092368721659993,0.01747974724962679
4609,0.22316569252491733,-0.5877082048267321,3.9304260339227026,-0.046393575043201185
4610,0.39276191564106316,-1.0179628640264857,6.944362601530832,-0.15514036317505456
4611,0.6246193432576166,-1.5709169589727734,10.827636154626259,-0.3158297039353082
4612,0.9204101708546573,-2.2387906151923995,15.46359181079249,-0.5327417855820393
4613,1.2783909299684344,-3.004125594180003,20.6594818515653,-0.803978392425267
4614,1.6850325731586808,-3.841556059804918,26.166257832265394,-1.116701988912769
4615,2.115871929092882,-4.722498734005001,31.706547874913326,-1.4482902573275018
4616,2.5476307069764186,-5.621529347664182,37.02066907880884,-1.7720165236185441
4617,2.9719816476506593,-6.524542294099228,41.925196744826614,-2.0616709007238856
4618,3.3951515477711953,-7.4384608388866695,46.38190721894618,-2.297356717926572
4619,3.8048453079512794,-8.35919462963873,50.29926821924242,-2.474711960088702
4620,4.178234395158094,-9.278812935126858,53.61279704669395,-2.6055294334689907
4621,4.500751267250943,-10.187085513636893,56.29234547462835,-2.705224599028717
4622,4.776009179434335,-11.075310304595659,58.33573131362233,-2.7805783755804785
4623,5.022778861624688,-11.93740835273855,59.76104689847028,-2.829964957777389
4624,5.2591390139676335,-12.771071993311509,60.60077193028408,-2.8530394578561094
4625,5.488010231212458,-13.581484925249915,60.89650496260933,-2.8501467982147153
4626,5.705550299991837,-14.378250807891428,60.695692290034415,-2.81191933110766
4627,5.914223224882679,-15.166039284288797,60.05178197418195,-2.7165416703785032
4628,6.122396667729824,-15.942491330867579,59.02314990648942,-2.5371351984541834
4629,6.334805679046483,-16.702267910429118,57.66290414116583,-2.2521276216799166
4630,6.54211976065248,-17.44002615773209,56.00709196943853,-1.8531267125040853
4631,6.725506649091258,-18.14902435321022,54.075594899433696,-1.3504930040835217
4632,6.867081690892112,-18.81784248802932,51.88169614084851,-0.7690393563019141
4633,6.951223008486092,-19.43216504937213,49.43651067223639,-0.13705348951933732
4634,6.959508029326797,-19.97983364621598,46.752982514991494,0.5148010641007281
4635,6.868367482651422,-20.454776955051297,43.85196874741862,1.1529216703442349
4636,6.660003683806244,-20.859253009392898,40.761266938295414,1.748896974110753
4637,6.328414330689348,-21.204799696666353,37.50810351494377,2.280340011086107
4638,5.873234267783992,-21.508777605705305,34.1175591822404,2.7210350396943612
4639,5.296485324596082,-21.78825644980449,30.61793094965209,3.039969893905402
4640,4.600238176119691,-22.056753721308006,27.04249766565915,3.20825989731423
4641,3.79224849598992,-22.321676046948706,23.432763644359728,3.204886106735837
4642,2.9028402452358053,-22.58042704756027,19.843053169776464,3.0201709977230284
4643,1.9892890319201433,-22.819545764959756,16.33551532818933,2.6565039775661408
4644,1.107192519153816,-23.021858444595278,12.967916793834164,2.1319440792138282
4645,0.28130278101326245,-23.173568029506455,9.781393845837641,1.4820022485890236
4646,-0.4879225397889335,-23.263939519065836,6.7987647703994,0.7531639282384172
4647,-1.2003964955888027,-23.28407307122575,4.030838326608246,-0.004288111203185771
4648,-1.8423195557814855,-23.22862505339241,1.4807967720077206,-0.7413561524330422
4649,-2.4021989894641034,-23.099183052247994,-0.8515438444082093,-1.4176875201389523
4650,-2.892759806354913,-22.903205771864474,-2.971069044109771,-2.0084210449451865
4651,-3.340055417243773,-22.64707080785825,-4.8943858645370035,-2.5028835375306993
4652,-3.7626238745778853,-22.33115775868813,-6.653537482995883,-2.900817793518729
4653,-4.162663758073565,-21.949845758789237,-8.289800330347099,-3.2107383436833525
4654,-4.52201391025059,-21.492607736412438,-9.840503614196635,-3.4419847495624456
4655,-4.810729478076487,-20.944754684489048,-11.330587841364569,-3.596684891785226
4656,-5.004913683126988,-20.291122757540034,-12.77562087001392,-3.671055710202373
4657,-5.090939960461063,-19.52109368706923,-14.190495358015998,-3.6594114930078705
4658,-5.063407151947755,-18.632288759393795,-15.592325198039031,-3.557010334572661
4659,-4.931986840755637,-17.633650801558318,-16.9968416267936,-3.366602257149471
4660,-4.726920091421486,-16.544963333216366,-18.413102124743563,-3.105435343911606
4661,-4.492765068685139,-15.3912564754279,-19.838695892577007,-2.805878323039854
4662,-4.263138516107204,-14.195163104548051,-21.25890248539187,-2.5071615232242928
4663,-4.043398915701853,-12.974396882483383,-22.65388972833467,-2.242687994001008
4664,-3.8351752235709777,-11.747048449327789,-24.0077857741379,-2.0364301263881583
4665,-3.665658513241136,-10.535072247441471,-25.30887834632836,-1.906050078299616
4666,-3.5797896807826923,-9.36175395391926,-26.552154876428713,-1.8625401586233967
4667,-3.605446177345414,-8.248354963155165,-27.745433832051102,-1.9093211842348006
4668,-3.736115045801682,-7.213687274637811,-28.90394705578181,-2.0440303362830865
4669,-3.9486147584968965,-6.276196836515461,-30.039083694450603,-2.2611835556746565
4670,-4.222433296012617,-5.454533653129426,-31.151695321068857,-2.5532612648607618
4671,-4.552844092652218,-4.7654608041582005,-32.23539932020595,-2.911834225913783
4672,-4.944830818323771,-4.221816597933856,-33.28150963063582,-3.3284468677866905
4673,-5.386071082394495,-3.830770860521483,-34.276984188167155,-3.7940439694744184
4674,-5.8461882216218175,-3.5903663739667984,-35.20025521889934,-4.301140827583381
4675,-6.303475002602523,-3.485771724183408,-36.02176495752236,-4.84608987485805
4676,-6.760476991194647,-3.493114452047574,-36.711743922214566,-5.429544862069328
4677,-7.235119893741037,-3.5894459589490264,-37.24726314726164,-6.056525311472788
4678,-7.74389043699572,-3.757321965323763,-37.61662228834852,-6.733607020494155
4679,-8.292715805495671,-3.9836338038076686,-37.82052508094402,-7.466337104180209
4680,-8.887438058956064,-4.2572457681901925,-37.86891146259307,-8.259348990197013
4681,-9.54191538767078,-4.564442712383638,-37.778410107341394,-9.109885558386635
4682,-10.25312505449471,-4.884557303097897,-37.57113517525451,-9.996506107527946
4683,-10.986858403651606,-5.193829793992421,-37.27136828646817,-10.87967375620498
4684,-11.695110856272924,-5.473276985656042,-36.898114562786525,-11.711635322020083
4685,-12.337373226582331,-5.7116711357134475,-36.464353665062184,-12.4456536411405
4686,-12.891396868017152,-5.904786626614431,-35.98562450203939,-13.043744875740908
4687,-13.346009382671314,-6.053599840166371,-35.484925308834114,-13.486382327793663
4688,-13.692916467369924,-6.163706632243187,-34.988673778299756,-13.782169683379715
4689,-13.92501523023418,-6.244714305280814,-34.52060328777831,-13.965041408602744
4690,-14.046626429660344,-6.307608498050804,-34.10270850518822,-14.080038911308073
4691,-14.08454536268382,-6.361378030690343,-33.754327833934866,-14.17167460594658
4692,-14.071128505183134,-6.410168583707871,-33.485600336373096,-14.27769206494265
4693,-14.018401276871806,-6.450126723710238,-33.294708635979916,-14.417347125473663
4694,-13.913770124931066,-6.4676715154562086,-33.166822845135755,-14.579334222433944
4695,-13.742263197924569,-6.446196478910985,-33.074556994495545,-14.72722869757037
4696,-13.506415651655503,-6.375237375223006,-32.98579588628749,-14.81768666591876
4697,-13.221427309434125,-6.2515396438228015,-32.876193554961326,-14.815659597471992
4698,-12.894760773741679,-6.07710544669766,-32.7334766797128,-14.700053794047708
4699,-12.516151295381496,-5.8591410269777935,-32.55437960620037,-14.464651363253502
4700,-12.078251404399058,-5.608341354150837,-32.34279523984711,-14.115449440021267
4701,-11.595974428049784,-5.335436090823813,-32.10736993217595,-13.6648832293778
4702,-11.099827401166587,-5.0493341535474485,-31.86060128443363,-13.129583596510866
4703,-10.616071394534822,-4.755085213481247,-31.618613227548025,-12.528480802001347
4704,-10.15457945422679,-4.451898073329555,-31.396789909404024,-11.876046959008027
4705,-9.716940145480354,-4.134142454598029,-31.203218599159428,-11.173784020916514
4706,-9.30518577084941,-3.7957525889144343,-31.0355491180924,-10.411820531284746
4707,-8.919478690314733,-3.435723865836949,-30.882554678510036,-9.579704736708026
4708,-8.54724896095229,-3.0601028760131173,-30.729940842257744,-8.671082086568529
4709,-8.161706228646299,-2.6797244041927564,-30.56849603819711,-7.682926903944373
4710,-7.745867729248048,-2.3050516901749525,-30.393934421568467,-6.6208509162553915
4711,-7.309708891243607,-1.9419248004773242,-30.20088677577721,-5.509241584446551
4712,-6.878924208515119,-1.590659894703869,-29.98318888746683,-4.387075983604982
4713,-6.471616715376176,-1.2480228399025348,-29.735821305432566,-3.289484073218475
4714,-6.086971578852787,-0.9119442223398314,-29.45662196517666,-2.2383040824104863
4715,-5.720626235242063,-0.5844667691162341,-29.15117146305318,-1.2503452695058765
4716,-5.387340957144325,-0.26898452224576797,-28.8306301989229,-0.349859636905026
4717,-5.119175899934403,0.034866890672722,-28.499890361694707,0.43438523019728015
4718,-4.936353811680944,0.3323729495122477,-28.153391330354165,1.0823241659643736
4719,-4.829219133226698,0.6305300289370784,-27.782382492742435,1.5918099906184802
4720,-4.768229926349761,0.9344416527470001,-27.379806180804557,1.97610615653853
4721,-4.724854367699866,1.246247802191185,-26.939745437032812,2.249920184311671
4722,-4.687898086476679,1.5668315424757306,-26.45429766403253,2.4193367845915392
4723,-4.65591873726072,1.8979731186522346,-25.91006640691509,2.4866217890769975
4724,-4.6153988734746525,2.242958861450643,-25.288444572191064,2.465187874635668
4725,-4.532277598484302,2.606082634505681,-24.57427782801756,2.3894796764842905
4726,-4.36332669929925,2.9771960690118537,-23.82412237241628,2.324478474712577
4727,-4.106011094678826,3.3838973439955176,-22.961017520896267,2.308857699880671
4728,-3.768273231779843,3.8286223409732716,-21.9708675880807,2.3648033157568196
4729,-3.36550682425575,4.298993996883956,-20.883443696377142,2.4984478946713007
4730,-2.9292653928422094,4.775226384104886,-19.7529314291007,2.6978699082694564
4731,-2.506714178065683,5.23476363028502,-18.64090484396062,2.9369952226029308
4732,-2.145271244898039,5.656668121608884,-17.604615116109148,3.1856272652487836
4733,-1.8704571006964523,6.023510293047096,-16.69385209256373,3.418420223461909
4734,-1.6814161438053041,6.321015876110561,-15.951423482617859,3.6162484071561534
4735,-1.5670509458525796,6.5398022472953405,-15.40564783547088,3.7625471548607172
4736,-0.19383650962121074,-0.4248642325551159,0.005753990086737652,-0.15191351692150085
4737,-0.42397621382963213,-0.9341300325969795,-0.018884405164558832,-0.3635347625021317
4738,-0.7329465501858852,-1.6542232585089731,-0.07445219957990025,-0.6635604084172488
4739,-1.117346701436128,-2.573433248845549,-0.17854497172399986,-1.0531740347224876
4740,-1.5569151949131639,-3.6580764951505818,-0.34782182429022773,-1.5271888925189856
4741,-2.0201623805830753,-4.858037924462759,-0.5942459288525672,-2.0748433510561655
4742,-2.4827834414224794,-6.114485911986019,-0.9223881340728628,-2.6791947645905
4743,-2.9404260934423965,-7.369236207871962,-1.3288099164415805,-3.315981463669397
4744,-3.401073586243891,-8.574538255770413,-1.803260560649259,-3.957420044557094
4745,-3.863837999081146,-9.702905349675389,-2.3299483408866557,-4.578329089266957
4746,-4.325635895419672,-10.763237016093132,-2.8893665890996965,-5.16762403173265
4747,-4.7897164810370265,-11.757537869355767,-3.4615956595968793,-5.723186634179764
4748,-5.269009056659334,-12.694657418135796,-4.027733142174306,-6.253100617277669
4749,-5.768290461571391,-13.582238804204897,-4.571397079925881,-6.764903144889296
4750,-6.272684952670757,-14.421987762283347,-5.0882332632813405,-7.262543320222323
4751,-6.759143710200329,-15.207610231055328,-5.594061756445456,-7.75027752909966
4752,-7.215331421685998,-15.923542300146389,-6.117007994207702,-8.235108676584163
4753,-7.638579328999642,-16.55089935356509,-6.6829658369791405,-8.724018304000696
4754,-8.020167822051553,-17.07673127987525,-7.305936228280924,-9.219343495641677
4755,-8.347782969073565,-17.50009569183075,-7.981100668302077,-9.715227064943084
4756,-8.623923012207674,-17.83382998376849,-8.682041812123755,-10.196129381207756
4757,-8.866503531265943,-18.0995758524606,-9.366832428345859,-10.640384586063654
4758,-9.09167522806235,-18.32074423088344,-9.987688531176902,-11.026419577086317
4759,-9.296790658088103,-18.51820152746808,-10.499428015161318,-11.33881957233414
4760,-9.461267715286272,-18.708317375541288,-10.867781738743052,-11.574101418435871
4761,-9.564762630840317,-18.90145947721024,-11.07807260120655,-11.742061332230714
4762,-9.602193557779414,-19.09980860650161,-11.142104985446071,-11.863492745974236
4763,-9.575766662832713,-19.295810865015373,-11.096326654739581,-11.965773460745869
4764,-9.471041822777988,-19.471369793038118,-10.991915310285956,-12.072556641704026
4765,-9.259691745750782,-19.60308482330128,-10.88412931765448,-12.19675622645711
4766,-8.923751417279025,-19.672905543733194,-10.821201278108623,-12.339978298112195
4767,-8.46582954414309,-19.671685806286444,-10.831242480383153,-12.490839212151505
4768,-7.906315094449066,-19.596389723053075,-10.91583616388101,-12.627214637150304
4769,-7.268084049508153,-19.45059074552846,-11.060395026878536,-12.721595325352919
4770,-6.562350758809738,-19.243247560827246,-11.248475659745097,-12.743764128337192
4771,-5.793093727721935,-18.982027934246645,-11.464724470009957,-12.664140610121542
4772,-4.9712828056811915,-18.67163359115276,-11.693796949426304,-12.463269702360002
4773,-4.1250492504581935,-18.31673217532751,-11.921102664147428,-12.144480543619121
4774,-3.297837473946576,-17.923264399445145,-12.13414476352105,-11.733336519804686
4775,-2.5350452154549825,-17.49808040346984,-12.322799683540048,-11.265405474168675
4776,-1.865191986541674,-17.048429459109702,-12.479734734902687,-10.778796934904964
4777,-1.2996524991420386,-16.583357956151318,-12.599591320871648,-10.310247439410949
4778,-0.8495797905200171,-16.11320705041723,-12.674767245346144,-9.890225100536528
4779,-0.5295623211226826,-15.647084117895217,-12.694628362226423,-9.536988864449164
4780,-0.34573947147834955,-15.190930396079672,-12.651459405665392,-9.251898254675961
4781,-0.28306248366247183,-14.745851464478548,-12.548469354947333,-9.022194698008205
4782,-0.31278040181989636,-14.30816487360474,-12.398641466759242,-8.829525579307509
4783,-0.41499290995213645,-13.871315730358603,-12.215415099149745,-8.655984351590643
4784,-0.5830869592818367,-13.429091173719838,-12.010863539855075,-8.488773055026156
4785,-0.8146394842943167,-12.97832939991963,-11.800595083761534,-8.323675340466032
4786,-1.1077491090769154,-12.519822225460132,-11.601650665365208,-8.164034958559391
4787,-1.4684412514300154,-12.057662646269291,-11.426122015866907,-8.018880989193953
4788,-1.9154288809230833,-11.596270525521685,-11.282268604975753,-7.898906169351907
4789,-2.4593877466111382,-11.136318889208324,-11.173910458586867,-7.808982253207674
4790,-3.075386992554676,-10.671939902984665,-11.094244037433151,-7.743115680298238
4791,-3.7019278877804016,-10.192482661422913,-11.024782131985008,-7.688180008128363
4792,-4.274516795048097,-9.687684961611078,-10.93760074889739,-7.631735149047573
4793,-4.760102529971099,-9.149631634335131,-10.80082871385301,-7.562306451885937
4794,-5.154968729145623,-8.572310144804138,-10.586442603529527,-7.468018972266235
4795,-5.459300451217118,-7.954442617801958,-10.274314576735183,-7.337355771971516
4796,-5.667684820331061,-7.30485267826173,-9.852036855059616,-7.158946923772354
4797,-5.7887321073566635,-6.643002577401434,-9.316769934426617,-6.926139420317716
4798,-5.863207727480013,-5.994083127820344,-8.682177267071145,-6.642633183830845
4799,-5.9522161090749695,-5.384331905224648,-7.982069416629429,-6.324025349637117
4800,-6.104400549524287,-4.836755518770171,-7.266722792720682,-5.996258002974943
4801,-6.339480769753104,-4.365983858425305,-6.588689518052967,-5.687545411088411
4802,-6.656236067980003,-3.974297156796269,-5.983013418649157,-5.41646640212751
4803,-7.040264341343302,-3.6516464122195873,-5.4609529360728315,-5.189667088062907
4804,-7.469419637784459,-3.3792344172955473,-5.018499706142258,-5.008981806489341
4805,-7.91202992779482,-3.1351382198136397,-4.644878807417248,-4.874002011927839
4806,-8.329682373432242,-2.9005200120567345,-4.328334912359302,-4.779909181553986
4807,-8.696657612849028,-2.6635707116983784,-4.061811610842141,-4.718063618265459
4808,-9.005090868003354,-2.4194681264749223,-3.8405095558539872,-4.678229604612198
4809,-9.246384572792426,-2.167696007534122,-3.657483096059741,-4.651030342745634
4810,-9.39462127971119,-1.910386742126812,-3.5085935301730924,-4.629215722164081
4811,-9.415266132163318,-1.652666192918485,-3.3975628488073033,-4.60557060235598
4812,-9.287181957506483,-1.4017399662987957,-3.3356255348525687,-4.572224025940664
4813,-9.008472350245645,-1.1638642796186454,-3.3366070441041455,-4.526350947807084
4814,-8.587839359224246,-0.9426736395142582,-3.4073676824378634,-4.473946759808663
4815,-8.027663527904723,-0.7406032255179273,-3.5412184728960936,-4.422535287889917
4816,-7.3157902357541875,-0.5599469119988479,-3.72146285745319,-4.372225025155791
4817,-6.441589600554385,-0.4022903685880854,-3.9323843813316097,-4.3164456544923375
4818,-5.418894574468846,-0.26811992742428675,-4.167612841922597,-4.250411032407788
4819,-4.29669226435999,-0.15607325887493756,-4.428744227735379,-4.177515536833791
4820,-3.144153279464928,-0.06179109918570764,-4.7166512712035615,-4.107040826157234
4821,-2.0206462866782986,0.02273663002794224,-5.025743077356128,-4.047953082569739
4822,-0.9612143827452606,0.10945040209016918,-5.344363400635456,-4.004562809724614
4823,0.008987200072549294,0.21333628046081124,-5.657135780812236,-3.97441754696785
4824,0.8585186568600417,0.34855595802287764,-5.95107421778134,-3.949495934541792
4825,1.5520621533616257,0.5231685111689176,-6.222248634377468,-3.9207436617780265
4826,2.060954733529218,0.7359843340201389,-6.471642209256035,-3.8809627349195313
4827,2.37492669237862,0.9770926309768098,-6.691157144455009,-3.823674505807115
4828,2.501968857385903,1.2314611328447467,-6.857529789642298,-3.7459050755565295
4829,2.4558446723387926,1.4822043129042215,-6.942483454883227,-3.652094521455025
4830,2.2529028863245033,1.7119426397480786,-6.9291454387065885,-3.55173396306113
4831,1.9196342099558565,1.9054802609048775,-6.820918227251771,-3.456107617449793
4832,1.4934444459000193,2.0539774815111915,-6.635403045726391,-3.3768933956577416
4833,1.00719741292664,2.1561677776006793,-6.391787199052069,-3.3254117707628748
4834,0.4763739489848086,2.2160968438407957,-6.104955186364667,-3.3099330027760563
4835,-0.0932155740828037,2.2416077891083033,-5.785414855239805,-3.3315264451293136
4836,-0.689564674796422,2.244226375375319,-5.441271826729609,-3.3840370775117066
4837,-1.287789488931914,2.237768445406969,-5.081464640068249,-3.4572929696001684
4838,-1.8689436480906818,2.2356642436124,-4.715250759966561,-3.5388903890922467
4839,-2.440711221065013,2.2479043943078723,-4.347995807187331,-3.617700996129389
4840,-3.0246768239892847,2.278770371122858,-3.9787463146057047,-3.6896275017046554
4841,-3.624546872653662,2.3274063123714765,-3.600239232192604,-3.7545499162393585
4842,-4.212210711805545,2.3895920727444815,-3.2029388260633143,-3.8069889050009724
4843,-4.747977082830822,2.4581127432135945,-2.783448172363344,-3.8362264729377777
4844,-5.2065330759492126,2.5240406824225534,-2.3504006732549216,-3.8354042870101503
4845,-5.578242659081562,2.580429638501798,-1.9259125059579318,-3.8051845268663556
4846,-5.851670057801218,2.6250989642016505,-1.5405672880705379,-3.7475626342397477
4847,-6.009080649740823,2.6611784457521965,-1.2215514438017292,-3.661144454958985
4848,-6.042094217612104,2.6957947273422627,-0.9852754851669971,-3.541261651103046
4849,-5.9649913095776474,2.738165707527803,-0.8397624575080967,-3.382333676671893
4850,-5.818871758143581,2.7979633451064174,-0.7885431174106209,-3.1835464277705405
4851,-5.652563665000308,2.882176390462096,-0.8296593220000602,-2.94758867519173
4852,-5.493707943454466,2.9936293851712916,-0.9534917324086809,-2.671493469896884
4853,-5.352219459152692,3.1318843856999057,-1.1432236198234647,-2.3474850625458803
4854,-5.248995661475768,3.282655167824628,-1.3669917754218455,-1.9828278911688193
4855,-5.2057949543885345,3.4602743843375547,-1.63254302617728,-1.5691293966520126
4856,-5.219238907812282,3.6661224034551956,-1.9329340363776741,-1.11457314968203
4857,-5.26694050038034,3.8933877032632167,-2.2538229368017313,-0.636366676439893
4858,-5.330993011344604,4.130988060754114,-2.5785291907340633,-0.15741777703740706
4859,-5.406945917212473,4.366970996600622,-2.8903561983694184,0.293385869831879
4860,-5.492921789682279,4.590691170725304,-3.1747960133269895,0.6864171758469568
4861,-5.574886868232397,4.7926202473585695,-3.4226548083676627,1.000883628277386
4862,-5.632369138136247,4.963667228303138,-3.629295042390522,1.2295162572003264
4863,-5.658487116807883,5.096257833767704,-3.7894290710291707,1.3766492028880684
4864,-0.29058675593955713,-0.2770958211782252,-0.23248953026575941,-0.30609413285580667
4865,-0.7303665841939753,-0.6597932894160894,-0.7033032672793555,-0.7212339108091075
4866,-1.3627217023451628,-1.2185161212649671,-1.4480535953423788,-1.3189098935151817
4867,-2.188012004866775,-1.9570782626807024,-2.47968537037097,-2.106830654147897
4868,-3.187137626074247,-2.8645235208791653,-3.781042480415851,-3.0792606933992865
4869,-4.3283621701396955,-3.9149488045938288,-5.304846351607407,-4.217146881029937
4870,-5.5754503871746035,-5.068239827002571,-6.9743044693529335,-5.489714044952834
4871,-6.887935043727689,-6.274361966736614,-8.692636171760064,-6.856540798490016
4872,-8.21796272607109,-7.482623964402992,-10.359502740477128,-8.272314718908454
4873,-9.519820140636963,-8.653322849361942,-11.888764995960766,-9.692432160059607
4874,-10.77329132750294,-9.770044421446961,-13.23001372350675,-11.084796965021432
4875,-11.971888623929313,-10.812242140906251,-14.343156436612292,-12.40637842593504
4876,-13.116741814151615,-11.76812880884026,-15.2179111266479,-13.615875587061002
4877,-14.197102214344138,-12.631116285974004,-15.875469528344045,-14.678984605045267
4878,-15.185500872578006,-13.39704646443256,-16.359568349813674,-15.574053665333954
4879,-16.06062944482404,-14.066114988997688,-16.71487656076205,-16.296932524885005
4880,-16.82893039449212,-14.643868717407729,-16.975366142770532,-16.866252913768054
4881,-17.5175746749799,-15.140446496135912,-17.169792458230326,-17.31833176923513
4882,-18.155930161859292,-15.568830839943956,-17.323922129299188,-17.69295571009486
4883,-18.76020518867865,-15.942073364622026,-17.45573861508638,-18.02283564733551
4884,-19.334439158299784,-16.269715625940535,-17.572339260439932,-18.329046298795472
4885,-19.880718603098586,-16.55427622440247,-17.66865579183275,-18.621295304094865
4886,-20.4027986001654,-16.792736604311596,-17.73071648940785,-18.899171022808243
4887,-20.90200341307181,-16.981789034219624,-17.74400584495803,-19.150556174735076
4888,-21.370763618194367,-17.119611289003448,-17.696821247449254,-19.35194343593103
4889,-21.801147692863843,-17.204392738501124,-17.58034191721729,-19.477899386995862
4890,-22.196601374229374,-17.234211016863306,-17.392462220577567,-19.51591485181333
4891,-22.567252627195916,-17.20912667847646,-17.14187634393071,-19.470623007734922
4892,-22.917390525859684,-17.13091858736086,-16.849744097825333,-19.354681395602743
4893,-23.237328403002493,-16.999895332847984,-16.548569487053324,-19.18068116316074
4894,-23.51409716704403,-16.814854694148288,-16.273566844901538,-18.958938115495116
4895,-23.74713795720122,-16.57614494417419,-16.04936225923932,-18.698992414962884
4896,-23.944507068462503,-16.285923293865668,-15.88680354474224,-18.413904092805783
4897,-24.10119213479428,-15.94591899976171,-15.788465083576526,-18.114652671732713
4898,-24.188202208513957,-15.556947409260907,-15.749976222491824,-17.798497287197844
4899,-24.17585353731555,-15.120015621906386,-15.759124238274149,-17.454551646132778
4900,-24.06059070564009,-14.638284823381984,-15.798234529246285,-17.07734341962991
4901,-23.857387264313903,-14.118596362695156,-15.846956269126625,-16.667103154008963
4902,-23.572032404976962,-13.571271155128057,-15.882703130783225,-16.223147825032804
4903,-23.191709007582904,-13.00892361485835,-15.883134349029394,-15.74372576710573
4904,-22.698750904074846,-12.444687124551256,-15.832118785841814,-15.230130527133007
4905,-22.0885040962842,-11.89101677488648,-15.725127051014512,-14.690964139587383
4906,-21.37262083275442,-11.358538853467703,-15.57013708764196,-14.142711247238799
4907,-20.56057056138987,-10.854373495027184,-15.384906296651172,-13.601051983832178
4908,-19.648857562544226,-10.381249271115362,-15.193361285715156,-13.07606512179566
4909,-18.633772383839712,-9.937380757824606,-15.018990332860314,-12.576270653710866
4910,-17.52870417296549,-9.519360208195979,-14.878053325597364,-12.109571445460974
4911,-16.369702853061725,-9.126732524546753,-14.779238729045996,-11.682057177845243
4912,-15.1959272759501,-8.762752385762091,-14.728512391854782,-11.297828713293756
4913,-14.02907383864641,-8.431800303197251,-14.729384380476208,-10.954391647751107
4914,-12.87967825211699,-8.137491917392559,-14.777843574461718,-10.639529117727498
4915,-11.761359527884006,-7.882822915126602,-14.86151566582468,-10.342007666351808
4916,-10.690500580950033,-7.668895462295007,-14.964923739071667,-10.057404031033304
4917,-9.674153964515646,-7.491436629954704,-15.075290191077867,-9.778889334316855
4918,-8.711254426582272,-7.340537661674071,-15.184578601233342,-9.497752186879193
4919,-7.806449607015477,-7.204238410427741,-15.288586079917103,-9.213483753835716
4920,-6.9701867196718865,-7.07001378550485,-15.381640236365492,-8.934083717305892
4921,-6.20901969881388,-6.923678522656688,-15.44906440841223,-8.67039528642598
4922,-5.523677064358269,-6.7511800783451426,-15.468368424211715,-8.43354232295268
4923,-4.906299167168193,-6.54322334530654,-15.416986749859698,-8.233860608491462
4924,-4.331810395582965,-6.297975325908247,-15.27660572477178,-8.07992774160643
4925,-3.775524544562108,-6.019388291819584,-15.034012877358784,-7.977956632953489
4926,-3.2414410978621593,-5.7135046797848625,-14.6825541274129,-7.9308812069059735
4927,-2.7542345001141713,-5.386479152734101,-14.224638658670349,-7.936864012261094
4928,-2.3327519162727843,-5.043729179800628,-13.673747926811375,-7.987221510748861
4929,-1.9799794575246452,-4.691200870564047,-13.053670700970269,-8.070908893694206
4930,-1.702275615989987,-4.338326533322143,-12.393136528570835,-8.18590690309805
4931,-1.5264557340360374,-3.998176868532884,-11.720229423780294,-8.3423912131693
4932,-1.4886197566277535,-3.684910746134789,-11.058040568710448,-8.553454608268764
4933,-1.6143636372022518,-3.412257128886038,-10.41841459123485,-8.822947201307525
4934,-1.9015425319151484,-3.1925055331080716,-9.800488186717535,-9.142669553451732
4935,-2.322033301501282,-3.0326402083575337,-9.199326635028646,-9.49639715280543
4936,-2.8415233537110645,-2.93114968384458,-8.613234428466438,-9.862624189869544
4937,-3.4315937796903593,-2.88049197279325,-8.044596201072077,-10.218039834949487
4938,-4.0652177088996515,-2.8722133743417477,-7.499368818686337,-10.538211389905339
4939,-4.706179747626206,-2.897994971206283,-6.980546489865957,-10.795145816349576
4940,-5.317168843762431,-2.9474361705483867,-6.47885784579714,-10.958641336059626
4941,-5.88161077579793,-3.009753197749746,-5.974443906684356,-11.004253017960814
4942,-6.39739768995744,-3.0786481718749603,-5.446730273762435,-10.9248054207323
4943,-6.846663764018087,-3.155007263563873,-4.883534216039325,-10.731620347139446
4944,-7.197853226693667,-3.2454783878426614,-4.284868414352873,-10.444176489622198
4945,-7.437987313664439,-3.3575570358435374,-3.6598041677767994,-10.082898185274223
4946,-7.58367774045632,-3.4951948204818164,-3.0213261390953865,-9.6652639362024
4947,-7.660434332529116,-3.6562943885001755,-2.384458579664468,-9.199623862215105
4948,-7.673697943217092,-3.8334307954265445,-1.7662484409004031,-8.68386158101902
4949,-7.602585801955039,-4.0182343869132895,-1.1827958891016173,-8.110681034633975
4950,-7.424529525901123,-4.2031044199692404,-0.644621526834218,-7.470294523248031
4951,-7.139847625009639,-4.379501012490633,-0.15364934921380244,-6.752485363366528
4952,-6.771175857006304,-4.5381800629836135,0.2971733522864663,-5.950448713480198
4953,-6.339324755346109,-4.668337820558797,0.7181688004994233,-5.063239892064856
4954,-5.844240301722775,-4.754415664774312,1.1168147783403457,-4.096635268342041
4955,-5.276090773542957,-4.77883819997596,1.4997807841032393,-3.0643663218261703
4956,-4.63840134918491,-4.728686750872119,1.8735324812835084,-1.992006219317446
4957,-3.9526624988454495,-4.59955958835888,2.238180206446311,-0.9159493213876013
4958,-3.2412017605728285,-4.3948637513870885,2.5869186231200727,0.1284427447010741
4959,-2.515060757244432,-4.123098919916004,2.914308115251023,1.1223740215485665
4960,-1.776442252494409,-3.798137833150982,3.2216539452115858,2.0685718341093695
4961,-1.0251449574601958,-3.4393210084345847,3.51454362566165,2.981020164412606
4962,-0.2689211644092585,-3.0680944312208696,3.7954228659002993,3.8749428238234196
4963,0.4793399014912427,-2.7046673690526544,4.058672350167586,4.7620922708314035
4964,1.2132648424004593,-2.3646097195874036,4.292463282677857,5.647034981841173
4965,1.926982110361063,-2.054367308151108,4.482269109174147,6.526764652644771
4966,2.6042774252410372,-1.7695294636309873,4.612894067010131,7.38860209289678
4967,3.2191869320951474,-1.4989921694707549,4.672328888723785,8.206876035281248
4968,3.7490635894494475,-1.2321840465921436,4.659798766751529,8.945741436408772
4969,4.184451511261387,-0.9620027316540741,4.58721549716615,9.565328898017945
4970,4.524634563075775,-0.6862934689683794,4.470933078829742,10.027086564540898
4971,4.761446363560514,-0.41209733098664275,4.324882002089977,10.297157308460305
4972,4.868450474770566,-0.15383867856234928,4.157160700406327,10.348582968397801
4973,4.8186414323191435,0.07530800027415174,3.9711019850694593,10.168954060231975
4974,4.602613930026045,0.26778573553286006,3.7702325891403796,9.769713009158176
4975,4.228576702469859,0.4213275310651656,3.559199096479524,9.184861034229037
4976,3.7104235713833473,0.5385267620368116,3.340235628395166,8.458027798200149
4977,3.0544877168735933,0.625948366771016,3.112317810013673,7.630952279831821
4978,2.2691756716392653,0.6919872423964152,2.8750393086029535,6.744185953288425
4979,1.3882512853674405,0.7436248930159036,2.6334213066979473,5.84053889471319
4980,0.47790001772814594,0.7862790597334469,2.4004620885286863,4.961989870155211
4981,-0.3903972039011675,0.8270652858067901,2.193964259974661,4.146079243064647
4982,-1.2032891896305877,0.859153044747573,2.028395070986705,3.406278641983388
4983,-1.8947638895741665,0.9076104439784732,1.9157148745501915,2.764507856271135
4984,-2.415322757259486,0.9846885049060097,1.8569377140601737,2.2326603582788755
4985,-2.7401566492194256,1.093081137050311,1.8427281302982628,1.8141293862391443
4986,-2.878379667403161,1.2283287857862712,1.8585218370163157,1.5030211667266433
4987,-2.8701197956543885,1.3821115852945052,1.893046232013072,1.2874453333177465
4988,-2.76713926998159,1.5456934252566452,1.9394284273636804,1.1540999731518717
4989,-2.6117296158011163,1.7104047910929425,1.990278034578422,1.0905803308396915
4990,-2.4351737860578035,1.8649672234216392,2.0376318970563654,1.0831011958687162
4991,-2.270124088135157,1.9959352998803215,2.0749025994341403,1.112042012196082
4992,-0.4068512743063785,-0.2471826614776895,-0.40430720816061033,-0.22985788880284108
4993,-0.9829578841834297,-0.5892854750533983,-0.8412491080197163,-0.6313428193940381
4994,-1.8152100425898914,-1.1056172270106512,-1.4733619420488677,-1.2493893633692492
4995,-2.890604485757004,-1.8101592301505303,-2.316797595826121,-2.0970272600342037
4996,-4.16218702117037,-2.6973021387905387,-3.3719142643471955,-3.157155066899193
4997,-5.56318169829524,-3.74019604606607,-4.622394214029365,-4.387545249505749
4998,-7.022839610769951,-4.895126684869818,-6.035744797156443,-5.734173979242746
4999,-8.473924326896803,-6.110525592361457,-7.567099103659631,-7.141485762956963
5000,-9.854913308513712,-7.3362844129206985,-9.167595082829584,-8.558967854488449
5001,-11.122524959508864,-8.533491176455223,-10.795126241676261,-9.948374329598943
5002,-12.278589669877007,-9.687671493080474,-12.427767031103903,-11.296361943694258
5003,-13.343756888508892,-10.779835204162458,-14.020790948022455,-12.593515104035628
5004,-14.343663233146819,-11.794290513746265,-15.528193693143063,-13.843383002479738
5005,-15.288432045669698,-12.719172848119191,-16.91136453245461,-15.057691760031146
5006,-16.17591736142805,-13.54708937503704,-18.14671899644147,-16.244533972793278
5007,-17.001349130544586,-14.271853300481219,-19.22859685565579,-17.40257536527649
5008,-17.76228747867057,-14.884394172092078,-20.1650838740756,-18.522273078054784
5009,-18.449438243479996,-15.371698204254532,-20.969060517113686,-19.586341260804318
5010,-19.043904216084208,-15.721881822249275,-21.652754255769924,-20.573142119308248
5011,-19.53119160451789,-15.932702106243093,-22.23037362856952,-21.463801346158924
5012,-19.912641274383763,-16.017061733626342,-22.722018742116457,-22.24869991332641
5013,-20.20958045590881,-16.002426311398725,-23.149312371041052,-22.932080589578476
5014,-20.45254530395949,-15.923515689086924,-23.527675922320952,-23.52686527200403
5015,-20.661999728465013,-15.814517295560155,-23.865364257426283,-24.042323234116576
5016,-20.84019822307213,-15.704557745309204,-24.166872917174864,-24.482028232265986
5017,-20.984619687219773,-15.615505515313735,-24.43417787199539,-24.849303300281594
5018,-21.103174059154252,-15.561559920496261,-24.666702419042128,-25.149390299249372
5019,-21.207364252490546,-15.547540884649326,-24.86259086275246,-25.386997703751813
5020,-21.294467655174525,-15.569357020005693,-25.018041686883723,-25.560492776330193
5021,-21.33798812201738,-15.618738952672128,-25.125606048103805,-25.65896971110105
5022,-21.31143480225509,-15.686702593590187,-25.176076148393204,-25.66852036256589
5023,-21.218295055602706,-15.765610037945779,-25.160506103777838,-25.5835638440156
5024,-21.0847952441691,-15.85076834867993,-25.071754698847464,-25.406989029685242
5025,-20.93772877924066,-15.940436064470605,-24.905917337631358,-25.14170749485375
5026,-20.79449857356308,-16.034004176068454,-24.661164130145064,-24.790562788631963
5027,-20.668063358902856,-16.128328432226663,-24.33467704981737,-24.3593609296211
5028,-20.57000392261278,-16.214500168668547,-23.92146086442316,-23.854874024359418
5029,-20.503256266470796,-16.279530881681055,-23.418483232924547,-23.28241637683704
5030,-20.45025650980935,-16.312816115457515,-22.82935028163815,-22.64776161873659
5031,-20.369783539503878,-16.31074288451302,-22.165729769967825,-21.963928044228652
5032,-20.223517420280594,-16.27534091418725,-21.445186675738054,-21.250593134851098
5033,-20.00312059592554,-16.209106926701388,-20.68608019849005,-20.52343244982874
5034,-19.72143284241197,-16.11150657227797,-19.905466547815767,-19.7899814518859
5035,-19.383335213650046,-15.980832177568079,-19.120959635190207,-19.053299747426077
5036,-18.97547251305217,-15.818235324011782,-18.34943159701206,-18.31525859443913
5037,-18.488246501798425,-15.627734791631127,-17.601496847325123,-17.57831522367142
5038,-17.938910270664376,-15.412552456082766,-16.878809535347866,-16.84784113276276
5039,-17.36783860884224,-15.173624367416485,-16.176081087583935,-16.135616196139708
5040,-16.807529407121724,-14.911266313062761,-15.485755524395495,-15.458100644661593
5041,-16.267852232972814,-14.626673076311523,-14.802984600594009,-14.82946896645304
5042,-15.753774310767549,-14.321753011452886,-14.128242470216733,-14.261835286569813
5043,-15.277386766283053,-13.997569756782388,-13.469368678463772,-13.771040840522307
5044,-14.85752948481183,-13.653732991146303,-12.84051799492602,-13.376053679295575
5045,-14.50813014696468,-13.290094509109235,-12.255323660856813,-13.094935868768658
5046,-14.223541127460907,-12.909067062573444,-11.721769224269659,-12.941826057893344
5047,-13.98555687344251,-12.514659063306203,-11.242687756793936,-12.921365724703515
5048,-13.784693329065984,-12.111569729615272,-10.818058718844723,-13.02396106382584
5049,-13.626177786131839,-11.708850543819631,-10.446572469441083,-13.233005217257471
5050,-13.508259507846464,-11.318177694084833,-10.124387184494392,-13.532304754769454
5051,-13.407404323332056,-10.947352229688533,-9.841761509844266,-13.896080700409334
5052,-13.295278863771433,-10.597242041209014,-9.584383252492513,-14.282509953058312
5053,-13.157400303009013,-10.259287869507004,-9.340617998803745,-14.645337757182276
5054,-12.993160652247925,-9.916876526280141,-9.107980366233793,-14.951357221658228
5055,-12.808306126038119,-9.552750335266238,-8.890840832774176,-15.190285551064887
5056,-12.609852249700895,-9.155255435128044,-8.690985836861833,-15.368815797876351
5057,-12.403948289748323,-8.719796510911596,-8.50389231371089,-15.500000789921511
5058,-12.20582384493742,-8.249594567247453,-8.321221720461294,-15.59932722512294
5059,-12.048868078314431,-7.758555648399151,-8.132235041108768,-15.681602062107256
5060,-11.968689679807904,-7.269534875790158,-7.927067436561862,-15.756211392895981
5061,-11.984174033327879,-6.805599583892135,-7.702708637579036,-15.82558928297187
5062,-12.095196312015931,-6.383096067281774,-7.465234340999704,-15.88168649424969
5063,-12.294432149342114,-6.00881428953402,-7.226440244885619,-15.900342721689336
5064,-12.575069068249615,-5.682736928630475,-6.9965734425368735,-15.84490546442362
5065,-12.917199191273292,-5.406824526766248,-6.777144764022078,-15.681509868841285
5066,-13.277079073450187,-5.182381095698236,-6.561381485816945,-15.395274692455782
5067,-13.604935182871401,-5.000658303899962,-6.341300675994279,-14.996196318326241
5068,-13.874544495454844,-4.848173403994004,-6.111113034399703,-14.51819980732973
5069,-14.082279869160262,-4.713278145169923,-5.863916109527147,-14.0069322533017
5070,-14.220422983288099,-4.583756949746338,-5.587836563956773,-13.494334629197436
5071,-14.26336895548879,-4.45021646324726,-5.266186660157973,-12.994457440009828
5072,-14.169356813669133,-4.312419167506274,-4.881548504758803,-12.523471844831844
5073,-13.889764658810412,-4.175115789860909,-4.425285404859745,-12.104374444282168
5074,-13.382023531511651,-4.0431142178297055,-3.897120278613762,-11.753867751542293
5075,-12.611798762350947,-3.9238342424599946,-3.2892683373020914,-11.474294739451691
5076,-11.545728738533628,-3.8234264099482007,-2.590622291545413,-11.245540662503773
5077,-10.1599491307505,-3.7388088532273662,-1.8074180593438236,-11.013259289104719
5078,-8.464265682473053,-3.6602928700578223,-0.9663814714614909,-10.705174843672006
5079,-6.501791323424512,-3.575758376882591,-0.10411044155054319,-10.267215933407083
5080,-4.321137768630857,-3.468847913722812,0.7433238844833823,-9.678450034352801
5081,-1.960990314316942,-3.3186658060457432,1.5445007455082598,-8.946750658702982
5082,0.5411349891813687,-3.104914781023185,2.269275099680851,-8.102375191344516
5083,3.13117847658164,-2.820182293767916,2.8902370146595455,-7.190935137226588
5084,5.732793806125886,-2.4777389554105893,3.3952711357726093,-6.267977053903627
5085,8.265860419144012,-2.0998033178870568,3.7812189975192267,-5.396446660649794
5086,10.661909471607657,-1.7057156379908909,4.044378250641125,-4.639786558067443
5087,12.859690265807066,-1.3170218532233857,4.218321727962976,-4.048515145351679
5088,14.806955519361273,-0.9541650978364713,4.390466059723373,-3.644300182759045
5089,16.465266151120126,-0.6181741412987322,4.6364016982313005,-3.407276288639781
5090,17.80619211616567,-0.2921774774234239,4.955713681089397,-3.283787398593967
5091,18.8040757054436,0.037131427559887534,5.248292820066978,-3.2163214711156876
5092,19.440707043708514,0.37682454659613274,5.286895255860507,-3.163493209708061
5093,19.723359604552247,0.7360860276081224,4.71502332590782,-3.1027941474336336
5094,19.681706095187764,1.1176065877151125,3.0925627824597415,-3.040011497851205
5095,19.34104904583669,1.5124183016245398,-0.03749017716516567,-3.000302487398048
5096,18.71574209233478,1.907836573875838,-5.0702007413978,-2.989408775229027
5097,17.828838106885872,2.286408731416643,-12.288534715881259,-2.9842192938835987
5098,16.706733000233722,2.6191177681025755,-21.854294595644017,-2.956834254225908
5099,15.355482022181377,2.8727495473135924,-33.78287201150161,-2.9006403081103063
5100,13.764419604360196,3.0244782941560753,-47.907608354034814,-2.8489073035878323
5101,11.932087560399191,3.0624221776036844,-63.91397677113166,-2.8618330439026405
5102,9.884083514695812,2.9751084054498085,-81.43170455204296,-2.992810719157444
5103,7.66184680916985,2.7478562326491485,-100.11164636037586,-3.27233219727268
5104,5.308962031069612,2.3703589786450343,-119.69687428048248,-3.7079115428913525
5105,2.869201354702109,1.8397580526603228,-140.0827123924805,-4.29013698243953
5106,0.38330106801346564,1.1577287113431203,-161.30729762841412,-5.0023133502563395
5107,-2.104471002890584,0.33821954782079466,-183.50734558620883,-5.818424840376326
5108,-4.5345405529300225,-0.5816815601976928,-206.88766665166503,-6.691894738990184
5109,-6.848531709918469,-1.551919564156468,-231.65854168106014,-7.553668645490107
5110,-9.016593673415509,-2.519102630278674,-256.7186618979861,-8.34567189433751
5111,-11.106270600838133,-3.493411650841328,-284.1993476142684,-9.040995087520624
5112,-13.125771168200313,-4.460888849028166,-314.5916193421006,-9.62342458753043
5113,-15.048925066292606,-5.394792289803658,-347.24584911320085,-10.103418779821007
5114,-16.85086031943594,-6.264504828761554,-380.7984851485536,-10.516183976348858
5115,-18.508060363680205,-7.036993395988296,-413.52148937454473,-10.893951726148426
5116,-19.968582763392224,-7.684686064897873,-443.6507379723885,-11.242604675332883
5117,-21.164361714756684,-8.198049661446762,-469.684887456191,-11.540769594430689
5118,-22.05808250745162,-8.584817951811528,-490.57555074039595,-11.763115554807996
5119,-22.658262983114927,-8.858295619189851,-505.8072835761633,-11.907232826914608
5120,-0.7980404346380827,-0.6606419454425076,-12.69810160103576,-0.6614372122453165
5121,-1.9366732022965503,-1.346089906899396,-28.01261532899823,-1.7649714747289786
5122,-3.6148042273085577,-2.2900525728649868,-50.09466725484589,-3.408245408608819
5123,-5.849439329334187,-3.503513550621873,-79.09982699051213,-5.596625423167373
5124,-8.600692409119503,-4.974015174638151,-114.58629999366214,-8.280431598445498
5125,-11.773595431930053,-6.659471868390861,-155.54308373579897,-11.35428698873406
5126,-15.226710451044374,-8.492781501855097,-200.50546672488395,-14.655111549294908
5127,-18.781708053416335,-10.394111162179138,-247.76472277264065,-17.976594427881096
5128,-22.255814430172116,-12.29310522575291,-295.676498794599,-21.119235685460268
5129,-25.518649565090747,-14.153846600298152,-343.0702958803376,-23.96194549266548
5130,-28.541499223594933,-15.99372097068722,-389.7605920336612,-26.505229928009197
5131,-31.297901864637744,-17.802156887438013,-435.12655010253224,-28.777261431367457
5132,-33.767360940730676,-19.548395344759125,-478.6263558363461,-30.832044879563302
5133,-35.92405326516022,-21.18403201008655,-519.8110364779367,-32.721835421589724
5134,-37.743408704227846,-22.662527592098154,-558.3118831080418,-34.47092873253327
5135,-39.21202866579122,-23.955025587416472,-593.8351568672857,-36.0649350077265
5136,-40.33957366953238,-25.051990250710283,-626.1761525291621,-37.46111068877363
5137,-41.15201005343776,-25.956531936370943,-655.2245093759062,-38.60335578469544
5138,-41.66501650192761,-26.67648014631144,-680.9376611714,-39.43055835404846
5139,-41.875325818014865,-27.21265553832445,-703.3091684357415,-39.88147656775979
5140,-41.77560362691603,-27.558449922860266,-722.3580294305378,-39.9049218453553
5141,-41.36959861345504,-27.71619882999327,-738.1036381220433,-39.47466728875756
5142,-40.676831896029164,-27.703293735680706,-750.5128355300957,-38.601204496494454
5143,-39.729228211811034,-27.54456750791013,-759.4816988305604,-37.33899978815962
5144,-38.56558064432082,-27.26467810588088,-764.8538434188547,-35.779073115759
5145,-37.22355350308503,-26.88160194296855,-766.4409495468288,-34.0219875607715
5146,-35.72882819973084,-26.403801718422816,-764.0500638860216,-32.14861865819839
5147,-34.096375305018825,-25.837384209922146,-757.5136379625699,-30.212929291066896
5148,-32.34024867297921,-25.196146418010095,-746.721485317141,-28.249893867624962
5149,-30.49094233672397,-24.506980468971065,-731.6367460896392,-26.26954882551989
5150,-28.612681924430277,-23.806881681688473,-712.2991187728414,-24.26428376080232
5151,-26.789517590988396,-23.12833989997949,-688.8443198335142,-22.2402219519545
5152,-25.090746464330156,-22.49444287931898,-661.5020697899996,-20.22581394034441
5153,-23.544164900375822,-21.92578535200505,-630.5522770341491,-18.257268272115496
5154,-22.142972980950738,-21.43742163785522,-596.2950567930524,-16.367078400113837
5155,-20.874066495123376,-21.031858577225893,-559.0565171955982,-14.577455166520217
5156,-19.725682758510896,-20.69910225743767,-519.1899177577412,-12.898980136697748
5157,-18.676954966645177,-20.42158700713091,-477.05529413880333,-11.332950290699003
5158,-17.695087529004276,-20.17671878606079,-433.0140025875307,-9.875670421538263
5159,-16.73777228111492,-19.937644809307024,-387.4476336205404,-8.52670130153418
5160,-15.762468726193635,-19.677330304749933,-340.75408985532493,-7.292184676400443
5161,-14.74524386406602,-19.3717798476853,-293.31895033089296,-6.178730581317772
5162,-13.68288133638201,-19.001973221098787,-245.51141394738488,-5.186174797229617
5163,-12.576422313699181,-18.55417511998159,-197.69001896000648,-4.299852872191328
5164,-11.417605363482984,-18.017889293752336,-150.20230210344582,-3.487319426103645
5165,-10.195615482987021,-17.38658428593904,-103.38928186782142,-2.7119154005559567
5166,-8.906764216410101,-16.658657651349618,-57.5577321361719,-1.9455557272074209
5167,-7.534808345974738,-15.83376988430184,-12.935829463320289,-1.1609391552231045
5168,-6.040530710710427,-14.911377843659793,30.34615835114873,-0.31582086516792746
5169,-4.386528052556597,-13.89407859139018,72.27478522993228,0.6465045182032525
5170,-2.5598662113274275,-12.787133154930746,112.97985781609755,1.772129818330813
5171,-0.5761418661698431,-11.597175706755138,152.70970870616958,3.072040145617051
5172,1.5275036270448523,-10.336992796076492,191.755536280309,4.515344331254939
5173,3.7035045575558003,-9.027680530628515,230.42620004948526,6.04086239441323
5174,5.907271994188693,-7.694308183971006,269.0771843078048,7.580313950906016
5175,8.096960372896463,-6.360683616230065,308.11461199500707,9.072801861040913
5176,10.222855176194189,-5.04438350201131,347.95819104689866,10.472602812486791
5177,12.234762810739955,-3.753813466297405,388.9832745767183,11.756357033453938
5178,14.104643832463553,-2.4922793245403505,431.46913006758047,12.922072013764229
5179,15.834460412038911,-1.2642481839014459,475.56296894429863,13.982298779727138
5180,17.43516346222783,-0.07588241116885813,521.2542395616568,14.953925824239736
5181,18.904974312947576,1.0646682106099248,568.3664356661416,15.845457499742851
5182,20.23416732804074,2.1496770703833676,616.5651816216215,16.65650364535009
5183,21.43094914634138,3.1794496378787693,665.3656445263425,17.388483365149057
5184,22.52846190545805,4.1626388795880604,714.1451918692695,18.04580717604116
5185,23.55534974424616,5.110396148400749,762.1976791396543,18.62944211607265
5186,24.513562709122958,6.0329448598088025,808.8063146771736,19.13374016232388
5187,25.38302924683732,6.935464519271464,853.2864133826947,19.55110055038357
5188,26.136188219024866,7.812386944379947,895.0451185384146,19.882042634513486
5189,26.75070503915734,8.647224384378953,933.6691551987632,20.134940445511432
5190,27.207499734392066,9.41788118075795,968.9207239837876,20.319895322594146
5191,27.479139471160675,10.101300340212441,1000.64281847493,20.448587278494756
5192,27.533997103142624,10.677462420419484,1028.7156279774144,20.532085233777977
5193,27.355665646234222,11.131706293908671,1053.0688707073273,20.574642839886142
5194,26.94962830004627,11.454427907301612,1073.6819700191654,20.567253815852705
5195,26.331276126887243,11.642367908599624,1090.5789396859961,20.48532747182904
5196,25.51730638721996,11.700914597992211,1103.8348838807667,20.29638640580303
5197,24.531382829268352,11.645254513542305,1113.5783741843727,19.97463824564917
5198,23.418199488046856,11.500111069215581,1119.9785774164375,19.513794813608524
5199,22.244609347403387,11.296478019204292,1123.2215171609173,18.931132922611503
5200,21.07831013366156,11.064708362870105,1123.4892597286664,18.260044931915285
5201,19.96735883843971,10.829523049184226,1120.9423837503614,17.536271858058385
5202,18.938107597505194,10.610643213687872,1115.6888529889252,16.786396684822773
5203,18.006912654758462,10.42339971705988,1107.7637057785694,16.022821673130593
5204,17.18467717373613,10.279176214998131,1097.1493288999368,15.248919018970847
5205,16.47400967422217,10.188765004573048,1083.8133701640113,14.468845604732786
5206,15.865604015907266,10.161064098597427,1067.7408593702773,13.68821314732352
5207,15.336401511091532,10.195576654594152,1048.9618711596922,12.90535155148102
5208,14.861261980655039,10.279994485099728,1027.5565273893183,12.105377349108874
5209,14.429573953006066,10.395628283336237,1003.6323944481619,11.270985875999232
5210,14.052771769047128,10.526653804250717,977.3034846454977,10.402110859695483
5211,13.756161799734878,10.66829721275678,948.6815461026976,9.521862351080399
5212,13.56577801720112,10.826616430526393,917.8772600419908,8.668178601498246
5213,13.504853046137242,11.010859689830935,885.0066425526863,7.879166202215428
5214,13.589115596837354,11.228138148063504,850.1991962280699,7.181409700058984
5215,13.815605661136452,11.482793079119954,813.6109196474847,6.589764319589816
5216,14.156152338075485,11.77616933233863,775.4351997768845,6.108433430990832
5217,14.564246476075416,12.105604312963605,735.9079536235563,5.730743869157925
5218,14.991466608368034,12.463783914011715,695.3080846040071,5.444850139377824
5219,15.399157533545656,12.838897400346324,653.9596742723998,5.24281915854362
5220,15.759812380274017,13.216312005445873,612.2221307870511,5.124436847327391
5221,16.052999730286153,13.583371075644743,570.4459403824458,5.087004557251827
5222,16.263515925519577,13.932305225134161,528.9183708060996,5.110222797878799
5223,16.384370368085673,14.258781116520948,487.8378039170287,5.155827150735127
5224,16.430003852520652,14.560845077212589,447.3261781116657,5.180557358897046
5225,16.441939844451298,14.836581015778359,407.46485872302753,5.144908594546481
5226,16.461613853572583,15.079413208260313,368.34258553407375,5.014121951463581
5227,16.495456075043826,15.276008269338696,330.09027998355594,4.759631114690195
5228,16.50745834159923,15.408351560513598,292.8872600277906,4.362882726230635
5229,16.445000133821946,15.456751727118789,256.952597410515,3.8180244912300747
5230,16.26887517153718,15.402228049621954,222.52171378095275,3.1342245035104788
5231,15.953548527722305,15.228618553516098,189.81913703394002,2.333808436553843
5232,15.473108736800272,14.923518977675096,159.04503184899744,1.4421324182645234
5233,14.800289611077341,14.48240694929248,130.35537365180423,0.4875565966978176
5234,13.920949161508087,13.915909372513731,103.82707421117657,-0.48506832752370443
5235,12.852885721765755,13.251177092135443,79.43878721479645,-1.416663231853164
5236,11.647736160157232,12.525479316058085,57.07856292079374,-2.2542908612203285
5237,10.37392405364697,11.778139118286889,36.5626464356909,-2.9646625621390372
5238,9.13980725637974,11.060196549661589,18.21499553276086,-3.516963366908256
5239,7.91453865807841,10.364657033550976,0.8561968853290258,-3.9582711039167124
5240,6.705597719358404,9.697724354155051,-16.03716813841971,-4.3232215686591555
5241,5.531894785743163,9.073786140552192,-32.51567660245161,-4.638449054287069
5242,4.405685966655009,8.50833547072757,-48.3244749432761,-4.9242874178319935
5243,3.3385111824411102,8.012294241874745,-63.039544617429385,-5.193996546805618
5244,2.358682219246089,7.590412826210497,-76.18312435212182,-5.453713426397609
5245,1.5085497422351537,7.2432521943773045,-87.3262860335697,-5.7037105932018575
5246,0.8219749045189083,6.969781464799103,-96.16784598776134,-5.9379597627622305
5247,0.30637538424577454,6.768599509961212,-102.584921159372,-6.145267096124605
5248,-0.494946039404213,-0.1501172119902364,1.737616144286013,-0.34924605470467684
5249,-1.0556089739806498,-0.3479936986893743,3.637596465295342,-0.8302718410426502
5250,-1.8101306231700043,-0.6416796806098994,6.270053543866254,-1.510852617100601
5251,-2.717604310921248,-1.03609792995205,9.598662956205075,-2.373828430775971
5252,-3.7219366128917457,-1.5291311716515887,13.525681909034803,-3.3782392658816285
5253,-4.768980786986461,-2.1119412630395047,17.901910722832753,-4.4673976724234805
5254,-5.809100702282311,-2.766923088905034,22.540480916493426,-5.577518543937635
5255,-6.793951585159312,-3.4687567078806576,27.24023588734626,-6.646228649880137
5256,-7.6811094769842505,-4.191657454075904,31.820094810620134,-7.622987206260882
5257,-8.45017507069818,-4.919361289729024,36.16427823297976,-8.48060263930374
5258,-9.12696660033738,-5.654431437145374,40.279929220371855,-9.228969110024547
5259,-9.733861130034645,-6.399675490519578,44.107371046779434,-9.879266513927703
5260,-10.2760404705935,-7.162733743082207,47.587212398110104,-10.448045536505703
5261,-10.733322704463909,-7.953149393734282,50.66928374166301,-10.950020497299235
5262,-11.078924515399828,-8.778621152565435,53.31403392605405,-11.389126791131465
5263,-11.294774505835628,-9.64180448240567,55.49388961552059,-11.752452688305109
5264,-11.372920158456091,-10.537518896992015,57.1973095211437,-12.019400259322085
5265,-11.30495151996218,-11.452509643442056,58.429446233777654,-12.174852788005227
5266,-11.076283863160262,-12.367679695042982,59.20965205718643,-12.212988285284425
5267,-10.686934206143551,-13.260217687619315,59.56326311449429,-12.1372037879942
5268,-10.167390563856998,-14.10689090219558,59.50908582637083,-11.963358064150516
5269,-9.567198734684785,-14.889213016124728,59.05462600855917,-11.721599192369693
5270,-8.94005067184725,-15.596663497402094,58.20059841679818,-11.450437749561056
5271,-8.335162698116235,-16.22807380779285,56.94958226487738,-11.186760378396983
5272,-7.801555934598482,-16.790099467038274,55.314193065397774,-10.956945127657617
5273,-7.395698712992327,-17.290663564117338,53.319149550110474,-10.777559913112736
5274,-7.1760094475283855,-17.733228822595972,50.99953926785644,-10.662992475194837
5275,-7.181589757316979,-18.115692670314278,48.40055034847822,-10.625715065867915
5276,-7.409478524379312,-18.43232036267045,45.577177143268244,-10.669486767058306
5277,-7.827264786997207,-18.67648593870134,42.588128591920324,-10.785817931094279
5278,-8.401446679638342,-18.84169032959273,39.49169259965637,-10.959604165142487
5279,-9.098464475877918,-18.921655499273307,36.3472321763879,-11.179707622575416
5280,-9.870424176316376,-18.91258441692211,33.20970836877765,-11.441219982524283
5281,-10.653814436307131,-18.8169173315039,30.1205181093762,-11.736579572797849
5282,-11.39547800237892,-18.644015355407895,27.10420419665645,-12.0515025699664
5283,-12.080424686915515,-18.40727515913386,24.173624656616372,-12.371986379417633
5284,-12.721773110848286,-18.121966773514444,21.33803563590131,-12.691585306928276
5285,-13.329408557425614,-17.804226249187504,18.60340821370232,-13.010417087818187
5286,-13.8981120402266,-17.467999963939985,15.971519421291296,-13.329848868152169
5287,-14.418548446175567,-17.12287903762495,13.443548322265032,-13.650631710408842
5288,-14.893504052368565,-16.77504544294198,11.021652713409315,-13.976778249803097
5289,-15.339732437059643,-16.426933818592175,8.70457922673891,-14.318539983210844
5290,-15.765322844931216,-16.076309311146144,6.482253474332098,-14.684693166643637
5291,-16.15374791460686,-15.717019800279122,4.33854119574694,-15.06933677313424
5292,-16.473534734987588,-15.34074594266865,2.257749445594455,-15.449744816860749
5293,-16.701599681472995,-14.937989669803578,0.23344138189200314,-15.797455265474177
5294,-16.83445495923163,-14.499160786977011,-1.7228052151281483,-16.088094504903836
5295,-16.868271976629664,-14.017107499672589,-3.5847928843661574,-16.3016498199821
5296,-16.792123272812944,-13.488688354292135,-5.329380728342469,-16.419069351092965
5297,-16.60498295231322,-12.914628963508333,-6.953010734513855,-16.42441106493137
5298,-16.316755789443615,-12.297081742391713,-8.469141898394623,-16.310776204121673
5299,-15.93297168562715,-11.63730196692316,-9.896121626732146,-16.081948931596603
5300,-15.440779983278041,-10.937106806242141,-11.250654011024501,-15.750012547087147
5301,-14.815403898180787,-10.199773008327545,-12.545398692958807,-15.330538030257971
5302,-14.040506607029032,-9.42740251764919,-13.782382576093596,-14.837547907070116
5303,-13.115336608909159,-8.621329095727667,-14.949411846577783,-14.284882370161041
5304,-12.047459315970432,-7.787571309635658,-16.02827038771784,-13.68926464693765
5305,-10.842015676202065,-6.940017176592654,-16.99513353969713,-13.069360612710296
5306,-9.50048067893888,-6.097619027474399,-17.81149705060581,-12.440035628044011
5307,-8.032258524149603,-5.278398233998378,-18.434014418856044,-11.806620437177573
5308,-6.464994704787861,-4.495388097132596,-18.84449485326506,-11.169668089031513
5309,-4.842273310039918,-3.7572920342067126,-19.0661583091349,-10.533301704955173
5310,-3.2099393054001446,-3.071687075490916,-19.15855003756893,-9.905140884370711
5311,-1.5965331480498717,-2.4460370154700017,-19.206408883763245,-9.29005708034429
5312,-0.00731556916711068,-1.8845386819786423,-19.29364433516662,-8.688032607488708
5313,1.552916670477968,-1.3862795736057423,-19.475950560899673,-8.100463426985934
5314,3.0571629803842915,-0.9491396192720722,-19.776764490241256,-7.536862725516443
5315,4.459739049065483,-0.574831879931388,-20.19872306389869,-7.009570395884631
5316,5.714894073938407,-0.2704650638830693,-20.737226127374328,-6.521229096499635
5317,6.7902038576427115,-0.04658673467881248,-21.38960249616214,-6.062453335528477
5318,7.666916102339662,0.08715951525562576,-22.16566119351833,-5.61931220337157
5319,8.327887953734392,0.12542808975888792,-23.09641825152305,-5.1837810760078655
5320,8.747947783772075,0.06846677667262162,-24.226894698555466,-4.759813816685201
5321,8.903322085963916,-0.0765382327062959,-25.597164684591014,-4.357757172270161
5322,8.786940198044464,-0.2968469837601366,-27.227837138111997,-3.9879488428105816
5323,8.415634251123787,-0.5790265963338733,-29.112176606840336,-3.6620293032052045
5324,7.830300473744099,-0.913302707389998,-31.205457697519527,-3.394383638206289
5325,7.090032153397875,-1.2939172419101215,-33.418096972102376,-3.2000463990991266
5326,6.264790235722506,-1.713526807004486,-35.63316377138839,-3.09118290807098
5327,5.4287423095082,-2.1581812025167073,-37.734128740965474,-3.072679091255359
5328,4.649314628015379,-2.608808542320567,-39.61313241208668,-3.13832860708355
5329,3.9773362176021383,-3.0445342398909214,-41.18495641758831,-3.268351317284078
5330,3.4487606403834072,-3.4429145227477966,-42.413200971515636,-3.429614734467962
5331,3.0959439495173657,-3.7799381226948947,-43.31050917075044,-3.580272891968456
5332,2.9442086595554313,-4.032321286473947,-43.92068730543187,-3.680463491972904
5333,2.9934627160790566,-4.1817240439576935,-44.30672048656178,-3.7070410180812527
5334,3.221219592154994,-4.218903860168349,-44.53663138024957,-3.655598466791247
5335,3.5944774865815416,-4.147366209791478,-44.66100306621425,-3.5320004481985925
5336,4.069874808088807,-3.9863809888795707,-44.69875725734872,-3.353599158543208
5337,4.594089330939843,-3.7654824384863312,-44.64444789772314,-3.1511208735126326
5338,5.108166669362722,-3.512874316893465,-44.48566539695921,-2.9590433115249097
5339,5.558324999504362,-3.2488130891013665,-44.21632804144124,-2.803716075641431
5340,5.902831896203233,-2.98285890506556,-43.841224890457276,-2.697220639502036
5341,6.107533006047241,-2.7130890639571836,-43.36872503421356,-2.635902886920522
5342,6.143766057367956,-2.428551876013778,-42.80186057029192,-2.602010521869702
5343,5.996544483937569,-2.114257991248524,-42.136935254635084,-2.5663691597385907
5344,5.665995888457833,-1.7575464279238209,-41.36663882022152,-2.49573288870932
5345,5.1549410943524325,-1.3530644136376104,-40.486738191054265,-2.3672803936973006
5346,4.469879056054822,-0.9032798714418122,-39.49728310373959,-2.172302929614281
5347,3.6388766743798566,-0.4159672004041925,-38.3959590459418,-1.9072661997912588
5348,2.7184417806679444,0.09728666475545752,-37.18080465314035,-1.5724503609931937
5349,1.774301440938825,0.6219156653898406,-35.86087603305932,-1.1783884885531617
5350,0.8578241206474787,1.1412795598604921,-34.45659164766139,-0.749535856161178
5351,0.00048062513202981605,1.6391933699534107,-32.994574044812275,-0.3182091226043931
5352,-0.7775231155945683,2.104950333970785,-31.509014814630017,0.08297935203559641
5353,-1.451100692728443,2.536841806736897,-30.040044016419596,0.42313524604177216
5354,-1.9963379938753283,2.9371888800336907,-28.622423741827564,0.6792176765815174
5355,-2.4196019769680803,3.3030323995374884,-27.276886483485026,0.839433451280776
5356,-2.7671358850224257,3.6249883665500358,-26.010442901780205,0.8976323089908209
5357,-3.09969437750792,3.889468032919023,-24.819256125641104,0.8551472036184717
5358,-3.454339120063911,4.078929696493181,-23.69266497627936,0.728499770723326
5359,-3.8405338949659438,4.17703730754794,-22.62658031209642,0.5464996847531811
5360,-4.263608329254234,4.175745671221253,-21.63730989077627,0.34126063032464987
5361,-4.725824628368594,4.077742539489226,-20.75860767759871,0.14206980584161918
5362,-5.204880472734711,3.89529261917885,-20.026208597528775,-0.02878087367412513
5363,-5.650078663113702,3.6467246960216038,-19.463316113942668,-0.16109842785882328
5364,-6.017835524080908,3.3518622577924413,-19.073865972936375,-0.26284334187129904
5365,-6.302423042064065,3.031496592663316,-18.84395804440494,-0.35620155736919357
5366,-6.5347871618803905,2.711915492580372,-18.74257912854736,-0.47068224057934954
5367,-6.7322308220739915,2.4010126656532393,-18.75791892557968,-0.6077310685537457
5368,-6.90477973486853,2.1089352306545175,-18.86662744280303,-0.7626430897056925
5369,-7.063989718589427,1.8430429062188898,-19.038717507811597,-0.9256924540905819
5370,-7.2219442911877625,1.6064499941261337,-19.241848009914154,-1.080017480588533
5371,-7.383082075164554,1.3994490884837527,-19.448415857252208,-1.205480234071304
5372,-7.537169311336186,1.2220673423226809,-19.63890212954178,-1.2907847305599858
5373,-7.665654422879568,1.074689887891858,-19.799573580708536,-1.335859435098193
5374,-7.759346034875483,0.9576804581124531,-19.9233778685739,-1.3463434381091541
5375,-7.824335990771369,0.8722509472773208,-20.01245742608145,-1.331971070332697
5376,-0.46753028058994506,-0.19618475705719185,-0.16076995058846588,-0.47821187531669296
5377,-1.0134944227293476,-0.4516803190348537,-0.4070102265850806,-1.0988889332568381
5378,-1.8189322211771404,-0.8452408976776605,-0.7709325943210578,-2.004843605990841
5379,-2.8803642602552597,-1.397172186680687,-1.256707694980076,-3.1928908114892525
5380,-4.167987228248439,-2.116589561880648,-1.8670425976409333,-4.628756388383649
5381,-5.636424669672005,-2.9980698312896226,-2.602500268820675,-6.2572417788396475
5382,-7.226057544594869,-4.020718987501879,-3.453492949693233,-8.008671317662756
5383,-8.860332755316797,-5.150263584146334,-4.400907562528433,-9.801825640417583
5384,-10.456626203007234,-6.343785466508644,-5.42502261950846,-11.557675937905158
5385,-11.950293937411189,-7.558244890296754,-6.51317089547652,-13.222151765936012
5386,-13.323609583638472,-8.763499512962968,-7.667717387541703,-14.78973452169311
5387,-14.55323162812904,-9.92243709613277,-8.889682417307865,-16.248573150507276
5388,-15.62840451193483,-11.005503250892465,-10.174265756950819,-17.59792896283351
5389,-16.546557458525793,-11.99515287399631,-11.498889773370468,-18.843401905687756
5390,-17.315737326295743,-12.88708467261613,-12.822831674275339,-19.990963699278126
5391,-17.959967814884862,-13.688558167002963,-14.096649125032243,-21.041998240575783
5392,-18.50048783796945,-14.414087785989109,-15.27271336280334,-21.989024483758488
5393,-18.936301437215814,-15.079146712407095,-16.312938380096117,-22.818992207669293
5394,-19.25417778855641,-15.692366320786995,-17.19304229179568,-23.521799031753787
5395,-19.449350187663118,-16.253903190981795,-17.905173504650435,-24.090158469630477
5396,-19.534031840456553,-16.761068099466886,-18.45540048287972,-24.516589552064005
5397,-19.52700848591996,-17.21220954356147,-18.855864337766633,-24.794017443527245
5398,-19.43819069608742,-17.60728413358647,-19.12388894886244,-24.91468392004306
5399,-19.261014236772194,-17.94714773321745,-19.288101961563306,-24.872734398702544
5400,-18.98854304122754,-18.230202262162624,-19.38479848867059,-24.67225200602287
5401,-18.633465213761173,-18.44897763307822,-19.44454627716097,-24.330701792346787
5402,-18.21864274655908,-18.590559387192073,-19.48452423139852,-23.876309704708824
5403,-17.76492325138775,-18.63747564187686,-19.50525338385755,-23.34324280219871
5404,-17.29238853971036,-18.57423981806808,-19.48940542807189,-22.763138797513204
5405,-16.82116936154682,-18.39910531295499,-19.413605139446762,-22.158110965078414
5406,-16.36902287872078,-18.125157600092358,-19.26683612697357,-21.540224649838905
5407,-15.94207536755293,-17.772999896351852,-19.05457893202568,-20.913154348300985
5408,-15.521587093519875,-17.36709975912557,-18.78953647847229,-20.27434973852518
5409,-15.0706500093538,-16.935305731578687,-18.484768277868994,-19.61980858369312
5410,-14.557458084057743,-16.507248823976177,-18.153006144165502,-18.95085715628246
5411,-13.958744191490299,-16.112818445675213,-17.80738528999824,-18.274451554300782
5412,-13.247827887982728,-15.778788244276702,-17.46083248825196,-17.599146853290943
5413,-12.392764467410961,-15.51931819475497,-17.124699916769273,-16.933087227952125
5414,-11.372252171471843,-15.329335992302044,-16.80774806735437,-16.281000952053503
5415,-10.191299658322206,-15.18791674269568,-16.51538381126575,-15.642133707722861
5416,-8.876197672672628,-15.06727419509581,-16.24726739919908,-15.011927980844096
5417,-7.4640668976655675,-14.94185732960557,-15.994937434726287,-14.383919229315072
5418,-5.987363665955605,-14.79458340976396,-15.743558657697411,-13.750422748581917
5419,-4.467096872786926,-14.618736381269649,-15.47678450467343,-13.10051497514398
5420,-2.929710299200697,-14.416036053694189,-15.183025723104553,-12.420870762397321
5421,-1.4190413088645466,-14.19404056332874,-14.859561916570042,-11.706543517032287
5422,0.0021144006376089264,-13.962486529376639,-14.509706947220723,-10.96915591089142
5423,1.255950052288373,-13.731140156275472,-14.137492594187849,-10.23397218739658
5424,2.2654011381035226,-13.509141400309032,-13.749437003504214,-9.53038358063313
5425,2.9740355914506242,-13.303493256399587,-13.359878884881592,-8.885186091558342
5426,3.3523595840395912,-13.119283479163458,-12.988722359046424,-8.3220610568072
5427,3.3890195638684,-12.960025590163571,-12.654031532803218,-7.858570014165972
5428,3.0942047192866537,-12.826025135993953,-12.365488091546895,-7.49952102781724
5429,2.517663198066869,-12.711367305659149,-12.121433379648844,-7.234104176747663
5430,1.7419514081508796,-12.604297643855451,-11.91033877439287,-7.038247304402057
5431,0.8506039946321405,-12.49135992755115,-11.714229008685988,-6.880783503820733
5432,-0.09365671995551106,-12.35848921783278,-11.512969915031674,-6.732854100708856
5433,-1.0556950701043664,-12.190642608465922,-11.289211362878707,-6.573569840216877
5434,-2.0173407776723344,-11.974249367369197,-11.032185530299568,-6.388356287634138
5435,-2.9582492806850413,-11.699395779845965,-10.73717107420427,-6.164938490763029
5436,-3.8612064352675617,-11.358238214170324,-10.40385476092046,-5.892654115327489
5437,-4.720253625407381,-10.945088030814707,-10.038106852743239,-5.5681000693355625
5438,-5.523832102603304,-10.460861652995474,-9.653729403054372,-5.1983177941685454
5439,-6.248501304147348,-9.915041207853765,-9.2693013119095,-4.7937610039735
5440,-6.8740473729477065,-9.325082410653515,-8.902500895389913,-4.361121106400256
5441,-7.389820907868568,-8.715598703040978,-8.567407051843693,-3.9046788331571443
5442,-7.7904848173946615,-8.11133226140541,-8.27130476614919,-3.428115084430914
5443,-8.069970018305494,-7.528217031424693,-8.011921222964153,-2.9307593486965713
5444,-8.214460125260565,-6.974609547045042,-7.7812311374040455,-2.41082994732697
5445,-8.20792414945013,-6.45573887983542,-7.569587325561605,-1.87596952899762
5446,-8.04817576218861,-5.970183702824549,-7.367164898536472,-1.3491302468441515
5447,-7.742117908847554,-5.504820886390165,-7.1673162190583914,-0.8673235933462039
5448,-7.282568513844925,-5.036988547410626,-6.971508723652395,-0.47190536534041755
5449,-6.648548094899537,-4.542298440060407,-6.788883256831284,-0.19319362021690656
5450,-5.829994783855516,-3.999214531743588,-6.630785951725674,-0.036963820828741084
5451,-4.840387858103934,-3.387690674439201,-6.507136367247721,0.012592894051786329
5452,-3.7086620413578713,-2.6949147799186526,-6.425182686639119,-0.018392763597967446
5453,-2.463809838147662,-1.926773123835654,-6.387429536151942,-0.09563100113516282
5454,-1.124923268208129,-1.1089695018424588,-6.38553036354026,-0.1785939722832531
5455,0.29284555186324707,-0.2779089219712862,-6.39515986315036,-0.22772668558213932
5456,1.758972665469174,0.5278233610157459,-6.381804540879787,-0.21675564926094476
5457,3.214470015747847,1.2715800159718298,-6.313981347234637,-0.1456518808297707
5458,4.578460719857367,1.9238963213425857,-6.167927211294074,-0.03985346848773878
5459,5.768609834520301,2.4694951015171145,-5.925231503054856,0.06094459235013441
5460,6.7257125648206175,2.9103225858142063,-5.578962181532434,0.11001635799961544
5461,7.416328044278711,3.2647627761417057,-5.142007873449308,0.06107287059771996
5462,7.816263508970814,3.5621519523804688,-4.645712929160018,-0.12042774236660189
5463,7.907172307552756,3.8313151502050027,-4.130024937186276,-0.4461891408180714
5464,7.689519253059587,4.0901227407668665,-3.628799699715131,-0.8944936648493995
5465,7.19845927719777,4.344300402347084,-3.157963102882017,-1.4116587385992652
5466,6.50114775287111,4.592677756865362,-2.7148344745841118,-1.931103993094643
5467,5.673372626390663,4.8276737458481,-2.288201699768392,-2.3945861515190803
5468,4.774305626769616,5.032220144287137,-1.8671679141482513,-2.7621332535270797
5469,3.8370504711137756,5.185231800072499,-1.4442226910951952,-3.0127877095376814
5470,2.880014192327249,5.272030979445953,-1.016908080986518,-3.145978948782509
5471,1.913282984428343,5.284418187598342,-0.5885663362291609,-3.180436502518832
5472,0.9357087487952888,5.217567562766879,-0.16930449236422382,-3.1452212814893974
5473,-0.05451866162735797,5.071667560317073,0.22447227925891855,-3.069446231120535
5474,-1.04116272347528,4.851752121577603,0.5760353366573745,-2.9718511344994183
5475,-1.9858857635250848,4.5668957560965575,0.873593128154543,-2.853491779021576
5476,-2.8516989520609664,4.2305430228593295,1.1078475188406238,-2.7002682502476554
5477,-3.622686308455453,3.859191824493932,1.272596990932156,-2.4876205926383697
5478,-4.292655703187213,3.468854974920765,1.373547662128009,-2.185000894444856
5479,-4.8430103188470826,3.0745128338081074,1.4299051627418522,-1.7652318452714446
5480,-5.2387489867084245,2.693613733083196,1.4637913141324976,-1.2131382739933176
5481,-5.443157713240409,2.3464236180953533,1.4915500712851344,-0.5286424890968999
5482,-5.438533017368338,2.0510997859859548,1.5247917729052978,0.2719468702186651
5483,-5.238288534556073,1.817209406992525,1.572517213002594,1.1576951892754281
5484,-4.87282588593292,1.643640088861041,1.6388019413849446,2.0897446585634016
5485,-4.371482471046421,1.5226205685059822,1.7204203911864067,3.0280294233645035
5486,-3.7611703569113266,1.4434470468734655,1.8100333522717738,3.938579299375311
5487,-3.0793676112732156,1.3944638919552352,1.904037463460341,4.800285761372314
5488,-2.379058676435616,1.3676333581918687,2.002025840436958,5.602665734728028
5489,-1.70760559598723,1.3608216588112148,2.0997671267754052,6.339440185216777
5490,-1.0933361041735843,1.372607314304192,2.1902679287982827,7.007464387756602
5491,-0.550746161546839,1.4001440906901603,2.2684856765918355,7.606679114436477
5492,-0.08629086700867312,1.4421313674434622,2.3292387209993177,8.137240269511008
5493,0.3011722079725966,1.4972622939159523,2.365206382790621,8.598583399937684
5494,0.6161303759700877,1.577056205764542,2.362281141880087,8.996732166198854
5495,0.9087381359586982,1.6441230799386566,2.3345174361750343,9.323192299639155
5496,1.2107619241944805,1.677178607367441,2.2953234189807388,9.57399097766349
5497,1.5292968902419448,1.663550309522009,2.255952178598698,9.749753056004648
5498,1.8504303205536148,1.5971087387434078,2.22475729078787,9.854310025249175
5499,2.153854343131493,1.4807133986348684,2.2053400919613217,9.89537385834774
5500,2.4293890536676246,1.3254077229856251,2.1976166173098606,9.888283260879161
5501,2.674566712845329,1.14795778129046,2.2021884835707564,9.853744143210426
5502,2.880536917324613,0.9683997504387987,2.220725009259723,9.810389006458086
5503,3.0316482930156843,0.8067721283142684,2.2517561008752636,9.770645627547514
5504,-0.3773696242258866,-0.3585652574921484,-0.24270603462110754,-0.300181993949344
5505,-0.7626643946384299,-0.8306908902448747,-0.6078383328600665,-0.6502897055117416
5506,-1.2790885225146584,-1.5369818020205308,-1.1418645836841415,-1.1302815156697654
5507,-1.882971020000071,-2.494247873825944,-1.8548156728790237,-1.7226663960261086
5508,-2.529359954828681,-3.6920963104500255,-2.747801985977705,-2.400690886706376
5509,-3.187501043840461,-5.094403319134371,-3.8045367737463613,-3.135453704859346
5510,-3.83806529643,-6.649363136469848,-4.993372443330415,-3.899421638158599
5511,-4.470609410868581,-8.296495328489677,-6.281181523560211,-4.670225372142949
5512,-5.088197503442956,-9.971595947955928,-7.642742906785262,-5.437623068460836
5513,-5.709576748140402,-11.619750865642597,-9.06481742270076,-6.208402915994837
5514,-6.370515897264755,-13.216137934162031,-10.552350072973242,-7.009525165476122
5515,-7.072797580113031,-14.72824151597513,-12.100790108636959,-7.851273952856138
5516,-7.798353007989238,-16.130377855165158,-13.695919029841807,-8.73781908510289
5517,-8.519430412645134,-17.406199921903095,-15.300953909817855,-9.665423116455951
5518,-9.200968226829088,-18.548737970550892,-16.860588135534677,-10.618504200353799
5519,-9.797086954787648,-19.554941457685697,-18.316948180045237,-11.565376850192656
5520,-10.251506366925728,-20.420390518094944,-19.61902364865503,-12.457173892013492
5521,-10.51153891607811,-21.136892367510253,-20.72810499270436,-13.239910015687588
5522,-10.553188886333444,-21.69371735413274,-21.622101178013093,-13.872771161450576
5523,-10.39277847005345,-22.084341277560874,-22.2952607452927,-14.334111470970413
5524,-10.072844442746877,-22.31256599138883,-22.75671526472436,-14.614538574032142
5525,-9.632478351511997,-22.39147424782716,-23.02980322736708,-14.712824105120982
5526,-9.093140958803632,-22.337835597543673,-23.1512372153378,-14.635828761203538
5527,-8.466229218674957,-22.165734064399214,-23.16365984682516,-14.398682678233873
5528,-7.762701606934334,-21.888154380244845,-23.09893245585902,-14.026220699628018
5529,-6.998233864384798,-21.525708531893628,-22.977210184779054,-13.54987463909423
5530,-6.1928119703211895,-21.105680439778673,-22.82300384242376,-13.00146240388156
5531,-5.367274388943809,-20.6531592796661,-22.667755377967307,-12.41348599857243
5532,-4.540880476367458,-20.18535956065076,-22.541086267742525,-11.82149760634341
5533,-3.7338797341844665,-19.708927570388997,-22.465486945283875,-11.255256973913571
5534,-2.9705358175015855,-19.221252167040998,-22.45658179014839,-10.728281261294182
5535,-2.27238306970891,-18.716008275001652,-22.52339131677105,-10.240249823320868
5536,-1.6472134820908844,-18.188644925625088,-22.662029698063,-9.78468840122727
5537,-1.087795780709526,-17.638290696107678,-22.850107654482745,-9.35148010168091
5538,-0.577480549933519,-17.06567738527859,-23.05318214341893,-8.920948711609128
5539,-0.09490364994748501,-16.46908817740841,-23.238995482565183,-8.45879528578072
5540,0.3821463891530611,-15.842870812609599,-23.384738011609418,-7.925442218392889
5541,0.8736299542553914,-15.182242010387585,-23.47638638447269,-7.291564965781849
5542,1.3917600774838406,-14.490101096298345,-23.50657183526879,-6.543933009941931
5543,1.9328597756298853,-13.779567740995956,-23.47352425050033,-5.685905436366214
5544,2.4777075297380278,-13.072189208020276,-23.38100882178148,-4.740312187269006
5545,3.0028035336847756,-12.394195561523224,-23.23609858151738,-3.7448543953174096
5546,3.489015693627172,-11.770481803303598,-23.043072285017445,-2.740796816149613
5547,3.9223613174590826,-11.21963554280752,-22.795768396843506,-1.765281347139466
5548,4.294555947818631,-10.755284284236456,-22.480954310386867,-0.8433942653498674
5549,4.6035097602865145,-10.389434638422632,-22.092005800820502,0.01582935387602591
5550,4.850668891703186,-10.13282547566971,-21.63490005597569,0.808647867456282
5551,5.0371868377562725,-9.9920036110369,-21.125284734235873,1.5280767385121945
5552,5.161173725296931,-9.96490948129664,-20.583827505791852,2.172476702628581
5553,5.220807196786856,-10.039825846145384,-20.03492859234065,2.750861223126085
5554,5.223730969779285,-10.19776369524868,-19.508410121918295,3.2726850759601813
5555,5.185070444634834,-10.41648208595972,-19.032831597343556,3.7337526450729497
5556,5.108612051101489,-10.674248582652446,-18.62100512455145,4.112686301258667
5557,4.985134945715392,-10.949089996280499,-18.26681624420027,4.38640271769667
5558,4.80987102807228,-11.2173412063822,-17.954914273924068,4.55122577172768
5559,4.587463526261853,-11.456626959342467,-17.667745629295307,4.622875275936448
5560,4.323929769477557,-11.65129920335824,-17.388626605883093,4.622443493521687
5561,4.02160637737575,-11.795624956375763,-17.10343701881314,4.570714569973362
5562,3.682542132413344,-11.892463720316343,-16.802243932507007,4.486202421641452
5563,3.313799820302159,-11.950925516013148,-16.481915572531765,4.379989421369382
5564,2.927661080648115,-11.982647483868824,-16.14523113285057,4.254404156064309
5565,2.536064320449634,-11.994636931614284,-15.797860959016937,4.107211862808832
5566,2.1538680909531718,-11.986337022397366,-15.446807321306254,3.9378396569005867
5567,1.8152070544081833,-11.95432911256968,-15.100701914481474,3.7533080511896015
5568,1.5658344410883227,-11.896529125004035,-14.771260905871141,3.563301272585285
5569,1.4321941155585802,-11.81135188987415,-14.470716300035061,3.3695977601307443
5570,1.4091858001096,-11.696039843365124,-14.205201560569426,3.1707303019475983
5571,1.472994785733083,-11.548098797158614,-13.970719657464532,2.9765237872566943
5572,1.6061250616761338,-11.366869811840237,-13.754357213507825,2.8131639636200028
5573,1.8104103471507809,-11.153557591746065,-13.538169457498201,2.7153544373460163
5574,2.0924127425570167,-10.912947454393517,-13.302466129604209,2.7105607613314513
5575,2.4424108752988403,-10.654113027738966,-13.028873322564074,2.8036383361511343
5576,2.8395975436289453,-10.385372260721763,-12.705412827281187,2.9831915168954137
5577,3.274717409667531,-10.109423060618134,-12.329676166959315,3.245473943270786
5578,3.756363095249455,-9.825378430331225,-11.905870257979378,3.59780053864927
5579,4.296543603884068,-9.535080574384315,-11.440099626023319,4.043814520280192
5580,4.892881318287722,-9.248120648445683,-10.93967458994713,4.578733538922003
5581,5.529265907334632,-8.981126293598113,-10.414925697392468,5.195875452962007
5582,6.189794044540944,-8.752489103181794,-9.875332907423227,5.885558388038846
5583,6.861807109026839,-8.57663284918197,-9.321723870159644,6.625111363901961
5584,7.52387067238635,-8.459776016794729,-8.74269421529797,7.379622605331815
5585,8.139557396508089,-8.401583239530128,-8.114996396315147,8.112210988255827
5586,8.677769975571318,-8.400763478467152,-7.409055504291907,8.790831944897553
5587,9.129023186139067,-8.459301235249864,-6.5989073011895965,9.388357433772187
5588,9.497339676836177,-8.580992832233875,-5.669072788222177,9.882112647980614
5589,9.789743136018783,-8.764781437163188,-4.617645640933045,10.260152551436894
5590,10.012843862740572,-9.003152528743211,-3.4575897939312963,10.523609247358326
5591,10.176422026694972,-9.289033526726616,-2.217314257917974,10.678370388365638
5592,10.301852223493453,-9.624088192654659,-0.9341878389939267,10.735334251525533
5593,10.432300406501058,-10.018927599989365,0.3610338404054156,10.723100689781122
5594,10.61827582155184,-10.486982699863638,1.65009501815966,10.689470709937781
5595,10.887691039357811,-11.038097341949141,2.918384574513042,10.687084491630864
5596,11.237463329633117,-11.672800916604164,4.146627521165272,10.758651980412989
5597,11.650161517092307,-12.380078019978058,5.3121900105747395,10.926483519416191
5598,12.115589616905508,-13.139167135652809,6.393139998114166,11.18502343687297
5599,12.619672207274215,-13.926127458961469,7.366453492585507,11.504704785582756
5600,13.123952066009604,-14.718500983183265,8.20484252440279,11.848531391474037
5601,13.57176301701909,-15.489928822492914,8.875425346691488,12.173072497942615
5602,13.906640022833972,-16.206026988053363,9.338750820064742,12.414336379323252
5603,14.083630827719224,-16.826425004072895,9.551943007418519,12.495148811975378
5604,14.062174174028335,-17.305540443252973,9.474655377116397,12.346004562484401
5605,13.798500755023506,-17.59066402001063,9.07777166014985,11.914810522562444
5606,13.265367160793243,-17.639024385426058,8.359787464911957,11.177519274312413
5607,12.480917607813751,-17.448231898826172,7.3534817166532465,10.149953826673293
5608,11.501935165157066,-17.051745416598642,6.111123441678962,8.885404929033493
5609,10.384983874044043,-16.488729346952926,4.682854377734072,7.44764359858994
5610,9.148453835468263,-15.787065208183325,3.097073968479365,5.867990711152948
5611,7.775236270771864,-14.960996814077857,1.355940103408257,4.132906163562928
5612,6.254545627509459,-14.009273353749393,-0.552942220151701,2.2120555318335042
5613,4.597036675561502,-12.912159729635983,-2.6505699067697965,0.08149572587466869
5614,2.8214907778187377,-11.635130405516664,-4.961196591246762,-2.275991715366218
5615,0.9432879095801946,-10.136968818868647,-7.498769811057673,-4.867254331994004
5616,-1.0216294782652762,-8.376499807330433,-10.259382148750516,-7.679032390447693
5617,-3.0262575944767973,-6.3170992566113995,-13.223218555883705,-10.67504347273725
5618,-4.981474045025065,-3.9348587370878967,-16.35237013874751,-13.786820798817535
5619,-6.780226651416459,-1.2329545048888442,-19.58319983559325,-16.901411513804867
5620,-8.322545779400572,1.7483395991219477,-22.830479592987274,-19.873146222725712
5621,-9.523571692738061,4.931472158173814,-26.003523720318384,-22.554985892721625
5622,-10.38422103874471,8.13359865411157,-28.992367030729564,-24.896458232134698
5623,-10.737597072918348,11.387963297039157,-31.80050883767585,-26.68787281186607
5624,-10.553668656020605,14.653090621194913,-34.41018476687439,-27.84074433656905
5625,-9.909281707453399,17.85520860089772,-36.79311817912875,-28.369317819524074
5626,-8.930246142360355,20.894944901746065,-38.91362134577788,-28.355625903924356
5627,-7.750265057291008,23.66265995446945,-40.73760185085811,-27.920160546060107
5628,-6.495459092742944,26.06321817250375,-42.24054579350841,-27.203697151933014
5629,-5.284478855519432,28.03005700637254,-43.41263944904325,-26.356909806445863
5630,-4.224724794569617,29.53174037492936,-44.26069634723673,-25.522834523908767
5631,-3.396550243215769,30.574252362788467,-44.81022996049249,-24.813001229466042
5632,0.35107570903434987,-0.10490771054170736,-1.1649488974233089,0.03508132166052094
5633,0.854360585023744,-0.2601131589815122,-2.5672080953650664,0.09268608879622092
5634,1.5877063626543269,-0.5009771711247573,-4.576671971429544,0.219397333517048
5635,2.568977560399155,-0.8386417150515568,-7.1925961475142675,0.45107966544306866
5636,3.79690946864851,-1.2775099685118405,-10.355403571534277,0.8204151936522512
5637,5.2494321147605225,-1.815537174811856,-13.952216787888238,1.354438149697068
5638,6.890136169318261,-2.4465510086687217,-17.83092794551046,2.0720486324787486
5639,8.676313472203983,-3.1635635657674346,-21.82278430322325,2.981317061079345
5640,10.56074040183848,-3.9618851709814153,-25.77280979986242,4.07379617228423
5641,12.489529632087178,-4.838355591776626,-29.57909035157712,5.318124562296902
5642,14.42208263499073,-5.78912806468601,-33.2391047819454,6.668004957890882
5643,16.32210793545242,-6.8005481836070905,-36.71687531120065,8.06855513281076
5644,18.181863784700404,-7.867463631933166,-39.98357813767857,9.471083157394462
5645,20.000828284076864,-8.996592765487794,-43.01599182077213,10.84185151699469
5646,21.76076111334783,-10.201050163392164,-45.79836942481876,12.163844240058635
5647,23.429826939170013,-11.493095389512403,-48.322398138714725,13.430457478852773
5648,24.980919364764258,-12.872578091893008,-50.579243554266654,14.643797751796315
5649,26.40395270196995,-14.318788983651572,-52.5503802044729,15.817184119547326
5650,27.703936882369362,-15.796677801294479,-54.208780117035964,16.969472757653946
5651,28.88961844371327,-17.270977329953336,-55.52695532696708,18.11985802595138
5652,29.965103655825477,-18.71670084926602,-56.48427283620366,19.285628611587146
5653,30.93469323604535,-20.119447577198205,-57.073461703174225,20.47359546083792
5654,31.810472869948825,-21.46624008691341,-57.30506919578144,21.674147132912818
5655,32.6077959760168,-22.739626164904905,-57.20643114600059,22.865291952205503
5656,33.33804866804795,-23.92136407226518,-56.81700280639786,24.019455463287525
5657,34.00499119084452,-24.99955464008865,-56.18609791645018,25.10862924605116
5658,34.609952835503144,-25.97680683776856,-55.37047711830027,26.110898411658095
5659,35.15214072547285,-26.87572143262581,-54.4262694347258,27.011499322260303
5660,35.61175780931089,-27.728883946604803,-53.39919824295482,27.79631633237901
5661,35.94761051045115,-28.55741744719468,-52.31902567740339,28.45329035775576
5662,36.120381974539164,-29.361642358571597,-51.19657694590531,28.9774470862416
5663,36.119229359482105,-30.12699277598534,-50.02382097774272,29.369955695397906
5664,35.96488862024515,-30.830531439821577,-48.784754991706095,29.6386669732269
5665,35.68427390990302,-31.44442692742166,-47.472168435585296,29.79425407358521
5666,35.289248854943644,-31.93793948047489,-46.09173163959918,29.841953947870408
5667,34.77647744024015,-32.28114831066557,-44.65239926903051,29.784964475648323
5668,34.14200585461148,-32.45448335000091,-43.15915694863182,29.633524334020077
5669,33.39841989244445,-32.45703259410012,-41.61511256581414,29.407110579323252
5670,32.56924070180403,-32.30787557439732,-40.026888261556614,29.129194859529616
5671,31.66007147480267,-32.04239752780781,-38.404349898961314,28.81879938569882
5672,30.649037112813506,-31.70579474734979,-36.75744632170146,28.48677983358658
5673,29.515755579534673,-31.343715531333068,-35.09605595495863,28.140025755234348
5674,28.274827146423597,-30.98935170509739,-33.42927817063272,27.78669972803269
5675,26.974845608445214,-30.651637899977892,-31.76486728874438,27.431939231615804
5676,25.66930999799141,-30.30882578698941,-30.113121008100816,27.070432617993742
5677,24.400381275958956,-29.913183374417557,-28.4918356871649,26.69164113482715
5678,23.204633614129378,-29.408151131033616,-26.925020635105046,26.293777082890294
5679,22.117847734255218,-28.74577734321716,-25.43529583810037,25.88784473886169
5680,21.171063362265016,-27.898051482822513,-24.03485888775338,25.492121351076207
5681,20.385275983854992,-26.864250811718172,-22.71954349686655,25.129892289806467
5682,19.773916459002447,-25.67401502389991,-21.472759318290354,24.827574537226013
5683,19.34757226343605,-24.381763232754874,-20.27809382824043,24.61052160415196
5684,19.11591024778084,-23.048735913498458,-19.127321182150666,24.497799539773887
5685,19.08974199315725,-21.723922778892494,-18.011761861922185,24.50230041913372
5686,19.27284708201474,-20.441478727700137,-16.908976385960703,24.636583209488006
5687,19.655466261021658,-19.231701235782346,-15.785996569531793,24.91015864783649
5688,20.22376988660435,-18.119959299962193,-14.613230346394644,25.322856486967968
5689,20.963544065458933,-17.109170178064808,-13.37514177166996,25.861472278965056
5690,21.848330406360596,-16.18108469892698,-12.071895157162862,26.495372806760226
5691,22.823152597434195,-15.320117628995407,-10.714762846862525,27.17661792539101
5692,23.807081801686888,-14.525070832191641,-9.323262463313355,27.848863888468507
5693,24.719646454641072,-13.803535437600106,-7.923973726407607,28.457235567541158
5694,25.502170275918207,-13.162022551636365,-6.5483784557467715,28.95076752058335
5695,26.123551234737377,-12.596783401627297,-5.229088335352883,29.283141661992246
5696,26.572424803473176,-12.090707062277163,-3.9949996673102848,29.418452004570888
5697,26.8458908220893,-11.618917607857293,-2.8673572836508887,29.33658559608245
5698,26.946558710007096,-11.156438397784052,-1.8541177708610994,29.029593695356184
5699,26.88690025535926,-10.68231122907631,-0.9429797692650534,28.498024149089282
5700,26.693371246205785,-10.183589314945102,-0.10458967319555273,27.756514259580047
5701,26.395010822166476,-9.659128903785527,0.693071658138965,26.832218892167614
5702,26.000712259047138,-9.117022596311655,1.4703610664506277,25.75247236764137
5703,25.493428248566993,-8.568671866615249,2.2288532616311887,24.53548781472738
5704,24.8500684928158,-8.02848724664382,2.9583554788093616,23.197536848970568
5705,24.058796575379816,-7.516600674680928,3.649913678098864,21.768198216502107
5706,23.11345154565823,-7.05511523304237,4.297231978865847,20.28399136865408
5707,21.99919032977177,-6.653569417557268,4.891893249029084,18.772347102451317
5708,20.696393723038025,-6.296884140371618,5.423220119390457,17.25039541703017
5709,19.202900092257437,-5.960267390261315,5.880603885624181,15.726229307402665
5710,17.542708990396985,-5.630436040527808,6.253299993167356,14.195937618877839
5711,15.748986392245474,-5.304322745133935,6.529626181596553,12.645862714246265
5712,13.845102995563742,-4.986126963946415,6.7030467756619405,11.059164139953031
5713,11.844801399863886,-4.691348878451957,6.779647087548614,9.422442664071308
5714,9.766582896129425,-4.44257681471769,6.776207006719346,7.735307916643357
5715,7.639713520166425,-4.259578025477929,6.713455358841992,6.016397260306654
5716,5.495104695578483,-4.152258071155638,6.611565703697333,4.29729036264442
5717,3.3519951529903085,-4.1140374626943395,6.490136379782197,2.611186877170149
5718,1.214369701004926,-4.116354625225482,6.369978924585804,0.9843284459681326
5719,-0.9144247396521848,-4.115727816843848,6.271008525655708,-0.5691285007501522
5720,-3.019554037653526,-4.070391582034271,6.210558943283823,-2.0506218791811746
5721,-5.081994729444751,-3.9478047848781035,6.203893989349225,-3.4782710291194334
5722,-7.095376464936314,-3.7259558182826122,6.25823423594931,-4.8885111373094094
5723,-9.070527401559117,-3.397286880432183,6.367161747278916,-6.32975924471818
5724,-11.017780787960707,-2.9663033357141977,6.515072201329473,-7.841480465757539
5725,-12.93582532691018,-2.443321547963418,6.684295245073727,-9.441973385597796
5726,-14.81961639879502,-1.8466650425221962,6.860281417797929,-11.128317718374632
5727,-16.666377259248453,-1.2092088366496403,7.035555009148753,-12.877094747576797
5728,-18.472098939259496,-0.5755476715487147,7.212610171524411,-14.65021268829115
5729,-20.219348251996983,0.016499673762781247,7.4015777260725955,-16.403861482508116
5730,-21.87192335584726,0.5583410257734196,7.61256855503716,-18.094928372755422
5731,-23.387834517893396,1.0743780413977237,7.853813108913648,-19.686529463699923
5732,-24.73815736476681,1.6052325478558749,8.13452363710309,-21.156401979733054
5733,-25.91846249723079,2.190585288744218,8.46257576520042,-22.502284797214912
5734,-26.940101300875817,2.8598162346773117,8.841086707111348,-23.734393941115428
5735,-27.80917310486275,3.6261141675937094,9.269306472661611,-24.861199928527782
5736,-28.51976902667397,4.485489099522059,9.744092583212485,-25.88160324098817
5737,-29.069999581534404,5.423173841539228,10.258715388410112,-26.786814130508017
5738,-29.477564269810475,6.417282163978294,10.800260018078616,-27.568248936147437
5739,-29.777050241187464,7.4354477194076996,11.350340352148589,-28.223496658198037
5740,-30.002166991320976,8.43693553897623,11.89172467287645,-28.75281554148909
5741,-30.166597748546895,9.379431832657781,12.413662179259516,-29.15502832410973
5742,-30.272631382018744,10.2273555038131,12.91198371250876,-29.4327757332673
5743,-30.33030698279293,10.96576058402922,13.390000954035191,-29.597383582070623
5744,-30.357150559383335,11.604898779138825,13.860096049283023,-29.667558766863436
5745,-30.364568959257042,12.165764602884453,14.339812788151306,-29.66548636631104
5746,-30.342437030879086,12.664403418759417,14.844091676344606,-29.61106892251876
5747,-30.268032191184297,13.105158257656369,15.381679249306517,-29.51515781240932
5748,-30.126857254543175,13.481069608070724,15.955654119136087,-29.379716797434476
5749,-29.91558523937852,13.783264907136472,16.563642181519313,-29.203565411838916
5750,-29.664165692723465,14.008593713797975,17.182164582809992,-29.022711639375725
5751,-29.329337376846436,14.167374739014887,17.82851705928583,-28.766431633701572
5752,-28.909115271116786,14.272478818943455,18.495126115892113,-28.405933084206847
5753,-28.435812460823136,14.339561694872504,19.15746893912239,-27.946435192075427
5754,-27.952509019408225,14.384665420368151,19.78353678916105,-27.413333457241404
5755,-27.489529787580476,14.418984005202041,20.343906313254003,-26.84179634895625
5756,-27.06009308567773,14.447985572469772,20.818849314772283,-26.268958878134075
5757,-26.675148198490266,14.474194167177178,21.200161702972093,-25.73036450489832
5758,-26.356650416681138,14.498224456712233,21.488425357257533,-25.26136928284737
5759,-26.127199634580652,14.5198922272414,21.68933498373654,-24.89250832548109
5760,0.402931237410163,-0.42099209556054146,-0.4733772000051041,0.162191026302611
5761,0.7944428473704663,-0.9455829322019773,-1.0898154499484434,0.30146388024466386
5762,1.3412899043437958,-1.7028303350186023,-1.9805775443135565,0.5124441479842397
5763,2.050694423485462,-2.693529057885423,-3.1461473512938563,0.8137370103546261
5764,2.9110373991278404,-3.9006423475130534,-4.556668352099831,1.2245354064514287
5765,3.8933174101143653,-5.299155720365363,-6.154426968972858,1.7634992717167317
5766,4.960944229681888,-6.858079166307114,-7.864400292659842,2.441633133717798
5767,6.080144783106257,-8.537832464073023,-9.607663758527824,3.2549130043335546
5768,7.220610385623283,-10.295157681608504,-11.317452525561272,4.181380492595146
5769,8.352912033676796,-12.095475107202157,-12.956507154448682,5.184921469083845
5770,9.459901128223217,-13.928931462940149,-14.53510573655958,6.224687742691153
5771,10.504129270227677,-15.762436829485335,-16.053890397916494,7.24102772433593
5772,11.450252346273468,-17.556627345315043,-17.52081552404574,8.173850252522719
5773,12.263765487946236,-19.268543147285616,-18.94684732722774,8.976467664992906
5774,12.906432396385824,-20.854387206674797,-20.335433053571293,9.621072944935117
5775,13.352647966886806,-22.274298839353655,-21.67927890798048,10.096691411618325
5776,13.602374060118471,-23.498178225300773,-22.966346655590833,10.406286214001993
5777,13.667423681912926,-24.509785071999655,-24.18033616796842,10.563524221247848
5778,13.558306449174095,-25.310288852171535,-25.29967112888289,10.58772927576133
5779,13.285735350167654,-25.918847267109573,-26.30026549459725,10.498767720400867
5780,12.871839145865183,-26.364865280601023,-27.159394590547322,10.313879361661419
5781,12.352999949956757,-26.677487305692814,-27.861892221078005,10.044668861032378
5782,11.768227591211973,-26.878043216484492,-28.404793445757875,9.693289840327848
5783,11.14293081023811,-26.979171323604547,-28.79685376750256,9.252923058637478
5784,10.473254790994938,-26.989226824169346,-29.056148110809218,8.714609102910158
5785,9.726811987556518,-26.9121996050903,-29.206196384515522,8.072320514019049
5786,8.867066329465198,-26.745134305804672,-29.269776700032537,7.3285160238049585
5787,7.878076135402627,-26.482874811634865,-29.261810627235914,6.501105038922811
5788,6.759829243656937,-26.128193555368394,-29.185031727853566,5.620105789375823
5789,5.512365530604465,-25.69348479955264,-29.03105398683488,4.719604518757356
5790,4.1421613122509875,-25.19474128057779,-28.782558366682697,3.834959969108903
5791,2.681902187521588,-24.647426232320623,-28.41924561340723,2.999289313721678
5792,1.1936046288236282,-24.063392376481744,-27.929141304819666,2.235153229163927
5793,-0.25737705605999794,-23.44835613290459,-27.313222559947057,1.5478444848723933
5794,-1.6255191990905051,-22.80169076808611,-26.582600060868828,0.9261190091182125
5795,-2.8825151408719383,-22.11742563029061,-25.756659650805656,0.349213489258659
5796,-4.011621933507586,-21.384275729309973,-24.862905773002986,-0.2053455117379976
5797,-5.0093063759615335,-20.58678859445075,-23.937389009257146,-0.7581815142324506
5798,-5.892902125170396,-19.71027509911773,-23.01810730557511,-1.3256887117181122
5799,-6.703797019723191,-18.746177670095157,-22.131307127867473,-1.9161303355330608
5800,-7.490388544555978,-17.696625666614842,-21.28638298816529,-2.52736828815375
5801,-8.281936274214136,-16.578299723937246,-20.481812051951287,-3.1486172490524753
5802,-9.07436414649136,-15.421725266012247,-19.711211729375705,-3.7659771156039166
5803,-9.843412450067088,-14.263959533453692,-18.96735739891244,-4.368240013707272
5804,-10.567462691810244,-13.137916215676475,-18.247357069128633,-4.953597241112771
5805,-11.228898840228231,-12.063959824136665,-17.555469203682343,-5.529589001610138
5806,-11.797080399368548,-11.051060837792534,-16.898759074500408,-6.102969082796936
5807,-12.228328882597598,-10.103075797672902,-16.281073283158094,-6.674333798328622
5808,-12.493072071377693,-9.222963094552705,-15.700765202762234,-7.2372461357007944
5809,-12.597597428679089,-8.419603202968501,-15.149226224416893,-7.776813674286021
5810,-12.58104378778685,-7.709837185887423,-14.614032999891792,-8.273290941431556
5811,-12.492597081117408,-7.1106825182399165,-14.08579103801048,-8.707333584080981
5812,-12.374919824779546,-6.630409636518532,-13.5588595327077,-9.063781201137429
5813,-12.265740304608684,-6.264607632467354,-13.027831543159202,-9.33562669595621
5814,-12.19816691599952,-5.9964315361107206,-12.485892796486022,-9.52339132942408
5815,-12.1951618818622,-5.796965865901406,-11.927389830070446,-9.631780114105757
5816,-12.258302734655716,-5.62877741306867,-11.352954645954492,-9.66873812859393
5817,-12.364913389443661,-5.453617607420958,-10.7683123025198,-9.643996064506764
5818,-12.483030376259512,-5.240277475921165,-10.17698273414033,-9.569536134633148
5819,-12.587508406274706,-4.970506808469744,-9.579803705413843,-9.46487025533482
5820,-12.669974724699,-4.641529153826476,-8.979377238357651,-9.358851430360495
5821,-12.734882929672764,-4.266086626178659,-8.380235730769908,-9.283147468958408
5822,-12.785119925830681,-3.8692789746916465,-7.787018424703112,-9.26109520272143
5823,-12.812342716938568,-3.481435097885614,-7.2043643488228915,-9.300919952525895
5824,-12.806573250400834,-3.131058484317706,-6.638158672336021,-9.400524279091101
5825,-12.768094071542007,-2.8389047928320474,-6.0948554406956275,-9.554578810359311
5826,-12.700066869422619,-2.609569930265683,-5.580044871072813,-9.757580802336756
5827,-12.59937158551577,-2.4293724805275443,-5.098906950685455,-10.003145043569035
5828,-12.458421168949041,-2.2777031820286724,-4.656981658622394,-10.280924224775838
5829,-12.28219794988465,-2.137405620884424,-4.261191619621192,-10.581470032910937
5830,-12.101687650935917,-1.9986448286278027,-3.920668171979316,-10.903438078199718
5831,-11.96287691484453,-1.860678625352917,-3.646361247926669,-11.256274040306907
5832,-11.906474000418447,-1.7305980726381656,-3.4490072590651906,-11.66148510429241
5833,-11.95695866945061,-1.618126681184727,-3.336239469084704,-12.144066151675979
5834,-12.126359855364448,-1.5292894098199783,-3.3112208276911232,-12.719130170653928
5835,-12.420239798339438,-1.4641921576782926,-3.372283567886728,-13.38636787624997
5836,-12.837198125057064,-1.4176021669649692,-3.5127497659150158,-14.131072047603839
5837,-13.361193303889703,-1.3811781708197695,-3.721679131630863,-14.931283263821431
5838,-13.958212652050342,-1.3479834588694342,-3.985299553113252,-15.764182956603133
5839,-14.594345602300704,-1.3158383279241124,-4.288695194079027,-16.606886875697825
5840,-15.25362343840903,-1.2872522509457092,-4.618233190489929,-17.44101585386576
5841,-15.930182443939215,-1.2667480085023264,-4.962448396498389,-18.255267970663173
5842,-16.605295234683638,-1.2580815494395474,-5.310515781140829,-19.038730982888364
5843,-17.240790539459294,-1.2625608226433507,-5.651226890778993,-19.77761378834863
5844,-17.794079277560666,-1.2780537317916474,-5.973538732450557,-20.458979197944533
5845,-18.23457084219647,-1.2996639480911731,-6.268794267162913,-21.076410985720393
5846,-18.55122345194346,-1.3214212356052428,-6.531580765980254,-21.628153436768958
5847,-18.737776302633772,-1.335343133810689,-6.75814824797311,-22.10909953644582
5848,-18.778171922098615,-1.328787677742757,-6.94703057050311,-22.509892058527917
5849,-18.6589291426456,-1.2873310831115934,-7.101658446418138,-22.816134053777663
5850,-18.390888244312723,-1.20453588563646,-7.228769994249381,-23.00981476030135
5851,-18.019560533832088,-1.08946656103519,-7.332437248550065,-23.08106501405397
5852,-17.60022862090934,-0.9629434051043056,-7.410188774750436,-23.024649818592785
5853,-17.158874410036805,-0.8482274624759276,-7.452471015561743,-22.821395156382984
5854,-16.689731676795862,-0.7650192746000902,-7.4424420365891155,-22.43800028195295
5855,-16.177500278088488,-0.725853001819998,-7.357602141145502,-21.844846613115646
5856,-15.608177747773052,-0.7334893250715976,-7.17199619945914,-21.029433039099196
5857,-14.964897485096111,-0.7814843313486468,-6.857820959520664,-19.993957968766257
5858,-14.224132522848983,-0.8589286916592269,-6.391055300948588,-18.748327907968687
5859,-13.375269849977366,-0.9539890649392702,-5.759748168527338,-17.31449238357352
5860,-12.449375462158905,-1.0529445737307288,-4.967051754337613,-15.735592792664818
5861,-11.510697922676574,-1.1390524143681586,-4.0277471940205,-14.074574249792333
5862,-10.62391215852537,-1.1975250363843941,-2.965860176914359,-12.406048576796566
5863,-9.834580532419427,-1.2230645845814092,-1.815120249096713,-10.804978797562132
5864,-9.167547786129507,-1.2225385232063286,-0.6176299085708357,-9.332934087528782
5865,-8.635649324077862,-1.2130006034035368,0.5822288616666005,-8.03148842378005
5866,-8.233464984158003,-1.2137389506023268,1.745673421705981,-6.924605098417954
5867,-7.917680114821373,-1.235861178354986,2.8418910991915265,-6.023196032712917
5868,-7.607599194510695,-1.2778418593271927,3.8464237928703167,-5.3244580848025045
5869,-7.215176824488167,-1.3299925658373726,4.741286985390069,-4.815072719386648
5870,-6.685880450424237,-1.3822911608307895,5.514445782052458,-4.483321914859234
5871,-6.005105653219512,-1.4262809015808446,6.157701643930724,-4.320914168749154
5872,-5.169479923003859,-1.4537729603550107,6.668081359658104,-4.314062598915761
5873,-4.1770366034829305,-1.4570690932596007,7.051491693359777,-4.4427093449765325
5874,-3.0382377259484796,-1.4306584002341642,7.321809272833967,-4.688738463686518
5875,-1.7884915847328282,-1.369645329351797,7.498720237483276,-5.03948218778519
5876,-0.49044294520298837,-1.2649608614895342,7.607556568819465,-5.482796785711941
5877,0.7880963533277711,-1.1090412432185828,7.676064746400722,-6.00260175893889
5878,2.0209723703743165,-0.9123877607980956,7.7164574043692316,-6.5704764665418525
5879,3.086322667655469,-0.675252304348171,7.768404584341001,-7.175994574414875
5880,3.8989764253020702,-0.40450758345707566,7.85562824632072,-7.7947375251320405
5881,4.416080241959605,-0.11010315776322759,7.988220922783128,-8.400655387270827
5882,4.63449855272871,0.1932506651765601,8.163496487461755,-8.971445314860476
5883,4.5859390407281495,0.4875265592105222,8.368318188261455,-9.486094993510612
5884,4.329925682276346,0.7545152707377814,8.582613596480659,-9.925686988069117
5885,3.9447543551538904,0.9785388308343852,8.784225685995269,-10.277080160014945
5886,3.516575030303842,1.148794028887373,8.953954869354835,-10.535189121716275
5887,3.1267507679045488,1.260955543878086,9.08062511759322,-10.703291346532199
5888,-0.1840443424969478,-0.38234924847599916,-0.3696364045773639,-0.3586950761338432
5889,-0.5137636657955021,-0.8229335907138953,-0.8156469465142476,-0.7610906138736787
5890,-1.0142898645304936,-1.4394949906405878,-1.4572477845682865,-1.3342509795495863
5891,-1.6834203169707949,-2.2286274122230236,-2.2943875903387543,-2.0794765145813163
5892,-2.5072558135007093,-3.17098853814032,-3.305519966711921,-2.973723010958185
5893,-3.457512236604976,-4.23169784327097,-4.450902501673191,-3.970858667091079
5894,-4.48499083459047,-5.364824207831177,-5.6790632166437485,-5.013561708680032
5895,-5.535276206059627,-6.520734678246079,-6.934092745827622,-6.046573644003924
5896,-6.583259391480899,-7.655991371227163,-8.165387985904163,-7.028413210917704
5897,-7.639256321750245,-8.74538628407437,-9.341031989746746,-7.942487007662893
5898,-8.736517984365129,-9.796032086234542,-10.462817922478393,-8.8093953805463
5899,-9.889909389466828,-10.807055292652477,-11.522173297330532,-9.64379128637791
5900,-11.100535880827293,-11.782116791089049,-12.509591629648757,-10.46082887986784
5901,-12.357431443072477,-12.724893155870829,-13.414417136432233,-11.273483219757049
5902,-13.630714591249662,-13.634091304436067,-14.228629179835334,-12.09728667609557
5903,-14.854996478086255,-14.50242295562323,-14.949408959998335,-12.954369619683407
5904,-15.93882357970123,-15.320609181349491,-15.576947911420195,-13.864157698509711
5905,-16.79686405398591,-16.08005773938116,-16.10931018751429,-14.83082685918208
5906,-17.373724334838016,-16.771453376519183,-16.542000104842273,-15.842525745680216
5907,-17.64371892381717,-17.384265955000313,-16.872739384122397,-16.876902755972907
5908,-17.589325517649797,-17.909050665322784,-17.105388140131282,-17.906415303006344
5909,-17.199187664882793,-18.338286724259245,-17.248649256656076,-18.90653966642361
5910,-16.493274140206406,-18.663846960534364,-17.311513641896273,-19.86024620707588
5911,-15.539121005501727,-18.87792694958518,-17.300939601558287,-20.75220519264404
5912,-14.435430868222545,-18.97766840012458,-17.222257760297264,-21.567050065366082
5913,-13.275508448244697,-18.966281774575783,-17.080054291730082,-22.29645645700652
5914,-12.136122058302133,-18.850943508834156,-16.877670264292917,-22.938904409421802
5915,-11.091349780925482,-18.64093740984018,-16.61589830000127,-23.49072668507791
5916,-10.210287673337008,-18.345851552425838,-16.293784586273926,-23.945446466645226
5917,-9.548555154471757,-17.974234159835945,-15.914055610091399,-24.30365189451726
5918,-9.14270845331009,-17.534168299073336,-15.488172710695409,-24.57628600638527
5919,-9.000736457403884,-17.03492062311689,-15.034001541583596,-24.774949680919498
5920,-9.099909221672664,-16.488530998235998,-14.571367718816857,-24.899439120072202
5921,-9.396296074526402,-15.907695205034813,-14.121073007317836,-24.936747351278427
5922,-9.841546101103773,-15.299847810235018,-13.705141920843847,-24.873092639211336
5923,-10.392107506382782,-14.667083576450612,-13.343128855588262,-24.698733600153474
5924,-11.007257553583505,-14.012702365279024,-13.04418357835543,-24.401987822299205
5925,-11.653118089289883,-13.345358042866078,-12.803730350664845,-23.969050022914605
5926,-12.31105545285432,-12.679788232901313,-12.60906247887927,-23.390712621884465
5927,-12.971800234419074,-12.037499869697973,-12.44780437232121,-22.670078212071324
5928,-13.625437555593566,-11.440788722776283,-12.309563780853132,-21.827604271963843
5929,-14.26247930123532,-10.900680333379162,-12.182536395445762,-20.897457704706216
5930,-14.876565943462474,-10.41565553856171,-12.055548814124451,-19.917114515857726
5931,-15.467842643747684,-9.978812252910206,-11.923894826852809,-18.921740927829262
5932,-16.050058048270376,-9.580370743746109,-11.792575210956887,-17.946139560047953
5933,-16.64834442089561,-9.208253299554574,-11.675087049879489,-17.02214847621662
5934,-17.283965699013944,-8.850760522047398,-11.587239399773654,-16.16981767189892
5935,-17.959760108272317,-8.498708645489677,-11.54033714250134,-15.394441912404744
5936,-18.66420189647589,-8.14655131114414,-11.540148754722967,-14.692205618980955
5937,-19.381595916149365,-7.793387454047952,-11.5888491812431,-14.058458962902819
5938,-20.091497825092034,-7.442131101201357,-11.6838340915359,-13.492694026680482
5939,-20.762692376288857,-7.098558278473476,-11.817427819603358,-12.99897906657508
5940,-21.350175227094056,-6.769164431262834,-11.981037689135075,-12.584627866954323
5941,-21.816559068718945,-6.455247722813145,-12.168767090648991,-12.260336958494104
5942,-22.159553923264117,-6.149147308924846,-12.376913716862582,-12.039217921216057
5943,-22.402134896289564,-5.835462535974877,-12.599796700928758,-11.929323235866965
5944,-22.560228461508093,-5.494845359499482,-12.82487796115695,-11.924757237447235
5945,-22.630229221368012,-5.110343146327398,-13.033604203654122,-12.004253460125497
5946,-22.600927497243717,-4.674549847072694,-13.209493256387358,-12.139142469632151
5947,-22.468637025238742,-4.190445634883951,-13.342873405280999,-12.304383472366228
5948,-22.242522778332322,-3.6669595297145015,-13.428848023905916,-12.482962781257802
5949,-21.930964448223964,-3.118158675427993,-13.465381009897314,-12.661922344470424
5950,-21.530548966205387,-2.563599577338441,-13.451348217847212,-12.826036515669559
5951,-21.037434888661995,-2.024050370973563,-13.38653543098272,-12.956877308352885
5952,-20.461639271189625,-1.5161314538190056,-13.274200294701826,-13.038446835567457
5953,-19.82949489688557,-1.0509466489496886,-13.120786498196884,-13.062071397463631
5954,-19.16790368305059,-0.6350874380023869,-12.934030487585034,-13.02527619261091
5955,-18.490330939904403,-0.27226140650610947,-12.722482752222094,-12.92746842079636
5956,-17.80430813607569,0.035164447843347976,-12.493977050739664,-12.76909639977871
5957,-17.125884468637498,0.2868525602548838,-12.252623852081335,-12.554424444033259
5958,-16.48008889061449,0.48543770065742275,-11.998408007651815,-12.293147413294482
5959,-15.87977457256581,0.6366439475341226,-11.730327579330089,-11.999036476264703
5960,-15.316702227026887,0.7484344396071029,-11.449826210603016,-11.685262858347542
5961,-14.779158266908853,0.8294351604510175,-11.161799037462803,-11.360065870255635
5962,-14.264973277344025,0.8871696270169925,-10.872980761467979,-11.02650041123721
5963,-13.779607986741135,0.9255505542520637,-10.587911917540954,-10.683726313210975
5964,-13.326471261584818,0.944554277426532,-10.303552402792029,-10.328059220486852
5965,-12.89925781257949,0.9426062418759987,-10.008687380375644,-9.954796279069754
5966,-12.484206768097899,0.9180888068322542,-9.690467422738315,-9.562309121945535
5967,-12.07334743876335,0.8677692129882227,-9.340710115211852,-9.15531077389568
5968,-11.670710503204653,0.7862352950477559,-8.95673963276171,-8.742358027015474
5969,-11.284157512315446,0.6698767378376286,-8.539214801934799,-8.331450108562086
5970,-10.917885805118534,0.5214348488109525,-8.093233561656954,-7.930236879311054
5971,-10.571888754491892,0.35022555820546986,-7.630818439589954,-7.547993809867966
5972,-10.251192452798682,0.16787946346646432,-7.168078337210617,-7.193915240156297
5973,-9.97308384673167,-0.015398531853643475,-6.722053807531388,-6.874985469896657
5974,-9.763873639651614,-0.1917524549166345,-6.310533020022099,-6.5976668190201035
5975,-9.645963166247368,-0.3547544831694317,-5.950919116875759,-6.36840728531954
5976,-9.62302489985377,-0.5025906476425612,-5.658696450678507,-6.190159269769295
5977,-9.689056421750582,-0.6443504800000626,-5.4420865066144986,-6.060305446766515
5978,-9.845185176937992,-0.7968858825028853,-5.295226093000325,-5.973836481313532
5979,-10.092043931185717,-0.9748508571765017,-5.198955784251927,-5.922157290185653
5980,-10.411595124050194,-1.1837081856277027,-5.126543179310359,-5.884653036019841
5981,-10.762048048128134,-1.4173547620997722,-5.050780544028734,-5.8295031346528745
5982,-11.095478056660193,-1.6593339148175417,-4.951255741564958,-5.724443555889643
5983,-11.381029570858631,-1.8853023187859883,-4.8151878082535955,-5.5460744135064575
5984,-11.606674663975324,-2.065796957439063,-4.633541256734778,-5.284727091875064
5985,-11.763717025077314,-2.171132990375515,-4.4018307651253386,-4.94620292267351
5986,-11.838512429785943,-2.1788584220931493,-4.123133268868819,-4.55173271769497
5987,-11.8244286560567,-2.077378142800792,-3.808102111134854,-4.1349686086133834
5988,-11.7396514033496,-1.8636793239221878,-3.4737972592430615,-3.7371805723034663
5989,-11.625524401568256,-1.5409867267816362,-3.1408786521111027,-3.4024582508012324
5990,-11.520414859324584,-1.1205771877283353,-2.827932303215051,-3.168552905581186
5991,-11.432992294863455,-0.626340595902491,-2.545045594595715,-3.0545538088626216
5992,-11.349618972665098,-0.09473729342359113,-2.2921778756581395,-3.056487353788978
5993,-11.267387536367787,0.43556795951822036,-2.0619778997018665,-3.154079914450545
5994,-11.203208353487623,0.9393041599595922,-1.8426467383742315,-3.3176171246709103
5995,-11.164846420714829,1.408808890194249,-1.6227603348081743,-3.5083923056890316
5996,-11.130985264445002,1.8452211250969892,-1.3950457355046315,-3.6813594201268334
5997,-11.064494181904621,2.2521329057014556,-1.1567546066290646,-3.799556703361624
5998,-10.930904836199646,2.6346106663630233,-0.9098893409465623,-3.8467800017306324
5999,-10.705587202991126,2.9968360456111514,-0.659418789467608,-3.8224535771159487
6000,-10.369331177825966,3.339484650319319,-0.4109923581472589,-3.732436621431917
6001,-9.90917526947298,3.6599133842689477,-0.17188899375012445,-3.5886374533397136
6002,-9.331192794890772,3.9519882471021277,0.049047185266571106,-3.4118180496586255
6003,-8.66696717480782,4.207277938869308,0.24402183609937028,-3.2285463061386888
6004,-7.964449730427588,4.418554694827162,0.4071096563107515,-3.063162411687628
6005,-7.264406840108695,4.581724260508151,0.5348261517591877,-2.9313397129181307
6006,-6.621268743467817,4.690496417096201,0.6320590873804206,-2.8579162233987057
6007,-5.991845970960268,4.759620673512566,0.6834134903701281,-2.8043192452188723
6008,-5.3724732249885365,4.8051226640174285,0.6845060508010067,-2.7435758003146695
6009,-4.780113101047203,4.844451059417733,0.6395440183826013,-2.658823206601216
6010,-4.2236358732723325,4.891808836517432,0.5582038971182314,-2.539647922506647
6011,-3.6953939026079454,4.952526318032193,0.45204232692222335,-2.382793595509942
6012,-3.1884190856690804,5.023506262183874,0.33200338186253,-2.195825863259162
6013,-2.7151070167494535,5.098427327465188,0.20893625386429782,-1.997067950749788
6014,-2.3038723831464942,5.170154618555413,0.09474369933356871,-1.808160066752383
6015,-1.9788556925324845,5.231109129753134,0.0009678531441024867,-1.6450664686159906
6016,-0.44246942312356125,-0.26226655359502116,-0.44858211853946994,-0.5611900869053892
6017,-1.0073892951731873,-0.526942747681832,-1.017984148828874,-1.2394962375288165
6018,-1.8172614040898254,-0.8961675053384665,-1.8487451872738525,-2.2024912028437322
6019,-2.886180253989215,-1.3793524084739812,-2.943973776314963,-3.4484896573565806
6020,-4.225052439329045,-1.9821382253597466,-4.272973700038066,-4.952649515449181
6021,-5.832070371719607,-2.7057786340275594,-5.775442771631499,-6.672315517239437
6022,-7.685254535763223,-3.549740658929058,-7.378324502015455,-8.554164858223562
6023,-9.75653426515976,-4.512171654425003,-9.015220672981894,-10.547880041401674
6024,-12.034580588721685,-5.591874913064238,-10.638364019713254,-12.621020483450069
6025,-14.539079217722177,-6.796693424692241,-12.22237680030857,-14.772583377152399
6026,-17.327933234827547,-8.15331242278049,-13.770512347624042,-17.048192073469288
6027,-20.436426211660823,-9.679310164487385,-15.261887543402608,-19.474019295217598
6028,-23.8864724976929,-11.39108880713438,-16.677461939595766,-22.068304586928896
6029,-27.690069515946494,-13.302829721693225,-17.998270179440354,-24.837408661687427
6030,-31.85109726115703,-15.425934836760442,-19.193478065163294,-27.7780410116323
6031,-36.354877963294946,-17.769698111319588,-20.20767560629982,-30.87606399549501
6032,-41.15849479577951,-20.340770590375012,-20.961527511106347,-34.10944165149215
6033,-46.190149866052664,-23.136715979813825,-21.369565054757416,-37.44507273586456
6034,-51.353793681184236,-26.137817128464707,-21.36472114997394,-40.82894508703023
6035,-56.534217784866904,-29.30380379004015,-20.92583599617617,-44.19013524399786
6036,-61.599656265279926,-32.575162789944784,-20.089810140576404,-47.451730197213095
6037,-66.4079918724876,-35.87986572445488,-18.940631244519505,-50.53432547983968
6038,-70.82587061754236,-39.14072135821889,-17.584049975164856,-53.35600329899262
6039,-74.75532350707176,-42.279145001074575,-16.11617194645433,-55.84086380801942
6040,-78.13934984908705,-45.22185057050385,-14.604129602618803,-57.92821501675433
6041,-80.94241297397933,-47.908047341863906,-13.088036406265722,-59.57613738001929
6042,-83.1377361169202,-50.28928088651127,-11.592913465064429,-60.76245237183303
6043,-84.70829553095282,-52.326474539882526,-10.134363295927784,-61.48184932644111
6044,-85.64994599875344,-53.990165932229736,-8.71693029406577,-61.74334566035963
6045,-85.97133777665141,-55.26178122707905,-7.335403481179851,-61.56895908624897
6046,-85.68211495742433,-56.133613016143784,-5.987141916013147,-60.990457924787925
6047,-84.77989783275522,-56.607097144849746,-4.689095238268448,-60.03970158191782
6048,-83.26288767123646,-56.6896460965139,-3.4824556427916575,-58.74816717224257
6049,-81.15654911057565,-56.39212392130181,-2.424013202087632,-57.15805783667868
6050,-78.51795819738446,-55.72843462359259,-1.5696219554879238,-55.318362025086515
6051,-75.42190516889829,-54.71751783241639,-0.9570534432996065,-53.27379209491951
6052,-71.94474060294549,-53.38573779643043,-0.5964876706969353,-51.060008277897644
6053,-68.15312929917793,-51.76545455269395,-0.4731343145212135,-48.70339856055974
6054,-64.10977401524357,-49.89096615622569,-0.5591068655818587,-46.226606548946826
6055,-59.87971081804402,-47.79666420462386,-0.817403308444094,-43.65311237786935
6056,-55.521172625259304,-45.51786803793155,-1.2013730970129155,-41.006216046873
6057,-51.078064014197366,-43.0901654958152,-1.6651002891410736,-38.30319966296969
6058,-46.588187557452,-40.54752571093189,-2.1763400870253395,-35.55450930391051
6059,-42.101377126856164,-37.92231443111804,-2.7156253023077204,-32.77232295571121
6060,-37.68720553308626,-35.246926396759505,-3.267675390279029,-29.976579279886188
6061,-33.42060256092342,-32.555618479254235,-3.8160265537659517,-27.192428430610395
6062,-29.36129380490458,-29.88127046717061,-4.339747575050679,-24.4454312879587
6063,-25.54634853353607,-27.25178799804184,-4.814204758160317,-21.764159018587314
6064,-21.998504858965227,-24.692660623533357,-5.22156098412598,-19.18513136432126
6065,-18.732437303512278,-22.22628725819315,-5.563493247744165,-16.74427609425596
6066,-15.747083006553835,-19.86672955924421,-5.8603318546390515,-14.461658883113795
6067,-13.017108036630862,-17.61725942639211,-6.138422507784124,-12.339338955209382
6068,-10.49558339993704,-15.47090817042246,-6.42029834547807,-10.368292792331234
6069,-8.135030258811657,-13.414373470500154,-6.72300422606406,-8.5357395232604
6070,-5.917234085392245,-11.43490899979014,-7.058524125432718,-6.831404410164429
6071,-3.857088154003685,-9.5253577528311,-7.434906966766875,-5.248402599055258
6072,-1.976430777250232,-7.684894570113175,-7.857062969376786,-3.7812572407295395
6073,-0.28376003732271854,-5.9170681486799745,-8.323493276874858,-2.426286876131489
6074,1.2278650871371624,-4.2279675110452155,-8.819765618235207,-1.1854325882901477
6075,2.5754577484191037,-2.6252894815587653,-9.314697421317186,-0.06825351808872254
6076,3.780355882326505,-1.115508258406892,-9.770974533121406,0.9114019074046805
6077,4.872216984539811,0.29985227870520254,-10.165455875054809,1.743039828279188
6078,5.891269885635447,1.62535693034458,-10.49705636368389,2.427700327110724
6079,6.870453037985234,2.869419842737893,-10.778756978254641,2.9796403958393785
6080,7.819767179164658,4.040545588051665,-11.026159130647207,3.4206499735617886
6081,8.730265456752651,5.146458768158359,-11.249099160895383,3.7725424189969874
6082,9.588028726904161,6.192193587420504,-11.445486423258421,4.04925062488078
6083,10.384705499003553,7.175110670548384,-11.60404298914717,4.250414967783241
6084,11.10893993532021,8.084600396037853,-11.715578305544875,4.364992979164331
6085,11.734962802739505,8.906006766505545,-11.772116380083832,4.3792405962096685
6086,12.233932424985941,9.62523836465568,-11.756752588001754,4.284065595082681
6087,12.601966736479177,10.234196893692014,-11.647198184733888,4.086597817837053
6088,12.873655224234948,10.73345135927947,-11.42944263081923,3.813423675852574
6089,13.101201211638077,11.130222789047991,-11.103292375942821,3.5035952727369417
6090,13.322212560285749,11.435670304586186,-10.679978243927682,3.1988042228116313
6091,13.54513571290113,11.663190408750978,-10.178440710576949,2.9313428119460654
6092,13.762206086096693,11.826490020673315,-9.620784789557371,2.7217946292703825
6093,13.972337348799158,11.938085615715487,-9.029575455257833,2.5841472090822144
6094,14.186544271785595,12.00935815427474,-8.427202131155914,2.524274648049787
6095,14.416505680220668,12.05243870721348,-7.835098688096427,2.535676022930694
6096,14.668615754424163,12.080895861658918,-7.274221702767955,2.6034001885668934
6097,14.952572732570566,12.107016276187343,-6.766858128992569,2.7168908597471058
6098,15.28248609222954,12.139082609202548,-6.334286139551641,2.880232745139149
6099,15.664382857421986,12.181047963200207,-5.991482937987508,3.1095030698040524
6100,16.084368455844402,12.23194361913168,-5.745420897468909,3.418711010225775
6101,16.504442577852732,12.284664796941602,-5.594828014543192,3.80712477448085
6102,16.88088432452488,12.327623569294625,-5.53107724205879,4.25760330289876
6103,17.183327057334846,12.349235484992638,-5.543422650331753,4.740310350021909
6104,17.38988144429076,12.3431261211419,-5.623012655836056,5.215078972044733
6105,17.475258758619983,12.309113246771293,-5.762400525943706,5.636564519449057
6106,17.410127306597534,12.24938077276321,-5.954184835373551,5.965395968304176
6107,17.180391202593768,12.16739503809556,-6.190473629831655,6.18002248772837
6108,16.804178795150026,12.06965072349402,-6.460061124779585,6.286101807371422
6109,16.327035731885626,11.966175253074322,-6.744400600767759,6.315212425805043
6110,15.797156487816501,11.869252071994937,-7.019954961111127,6.309866110026247
6111,15.243267526724484,11.79045006672344,-7.260316620207505,6.313031964149873
6112,14.679081706843316,11.738502049492261,-7.436520967168151,6.366257927461099
6113,14.116646401904696,11.718846124128463,-7.525103263206305,6.503198414645639
6114,13.573147507505658,11.734199635496832,-7.521742897401127,6.742474142702341
6115,13.07116005272836,11.787373520795207,-7.45084904062212,7.085008263040727
6116,12.635017288859885,11.88271762744825,-7.360166004499726,7.514848105112791
6117,12.291161302875752,12.024131562371176,-7.30510542946327,8.0076572994756
6118,12.069165862295495,12.21352076857304,-7.334525390212293,8.541058129123776
6119,11.992192840437223,12.4476037238883,-7.480616725204309,9.09578163381849
6120,12.058222990531174,12.713366910126062,-7.751305274468181,9.650540411930042
6121,12.238249211001527,12.988307722343977,-8.125620624213447,10.182720980006646
6122,12.492983551797987,13.244580465856675,-8.555574819919224,10.673923440860646
6123,12.786943765698876,13.454543113565412,-8.974357929619238,11.115337115250242
6124,13.095724585124433,13.594848779579884,-9.313857986705914,11.510840688311973
6125,13.395149708250058,13.647471563191157,-9.526446307687538,11.86854432042622
6126,13.647632259690367,13.601375198429572,-9.597416213525573,12.18802666028399
6127,13.814341854241398,13.454278443338666,-9.540195811652355,12.461329764123874
6128,13.883529732532502,13.212486824259825,-9.381429921471925,12.683016937104384
6129,13.881834779612458,12.89038131030635,-9.156579575906704,12.855570604646658
6130,13.854254413470668,12.5097340253637,-8.906797979070657,12.98732907202413
6131,13.83590614902659,12.09701535051575,-8.662651105213227,13.08686389029553
6132,13.836481503746583,11.676566786677935,-8.430982241032803,13.155433388020702
6133,13.849443254202413,11.265376011242992,-8.196482831830805,13.18578039551744
6134,13.848835636991405,10.863926664150119,-7.968276277843044,13.163877903382275
6135,13.869062858901707,10.494066789121282,-7.686773013688443,13.09707474303524
6136,13.925956002276518,10.172358655223368,-7.323941479742282,12.99942763398022
6137,14.02408261205678,9.908955848043457,-6.878662877625787,12.889388136459614
6138,14.16232535198509,9.70744575957043,-6.372213939189576,12.78610241312072
6139,14.334483349662957,9.565678287253922,-5.841894786888777,12.70400083916199
6140,14.526544681159574,9.478481292729459,-5.3323753671850795,12.648351551280088
6141,14.716363438381652,9.438432824788357,-4.884872416881211,12.614063723429322
6142,14.882310015302217,9.43464451191392,-4.523886426565546,12.59176946407084
6143,15.018320961746596,9.454023023338008,-4.254276158893657,12.578872440486776
6144,-0.16709696650475198,-0.34687770130404516,-0.27680601603507143,-0.32735522896092695
6145,-0.48093310481629914,-0.7678426580492158,-0.6325490874088737,-0.7519945698525815
6146,-0.9590303500795355,-1.3681495127527843,-1.140902763493776,-1.371284206338328
6147,-1.6184688416122048,-2.1477545121788286,-1.8111249662591136,-2.1923031568675615
6148,-2.4758291001785326,-3.091676909610926,-2.6485968152397037,-3.2128911479278353
6149,-3.539771393978942,-4.171402532710894,-3.652052863016935,-4.420518709902149
6150,-4.8023501928569585,-5.348309275535974,-4.8141943107313345,-5.787636808083569
6151,-6.239261916211689,-6.579426421259963,-6.11971713152521,-7.274109211763473
6152,-7.820663571394234,-7.82513830840373,-7.5412058743753905,-8.836424922170258
6153,-9.517646642962314,-9.059454666686037,-9.04695460713099,-10.44020412057795
6154,-11.304551547453872,-10.283668728347909,-10.620620208437192,-12.074123913213029
6155,-13.138080508267366,-11.487701923824329,-12.238584777665567,-13.713168700253801
6156,-14.976151425669068,-12.662492119968388,-13.877972997654648,-15.337939327291796
6157,-16.784954690810302,-13.79874970963763,-15.51406185814635,-16.93378037054948
6158,-18.53172445639622,-14.883569676297547,-17.120887289518272,-18.478710751484567
6159,-20.17998507133932,-15.899064525802304,-18.673851933922897,-19.940210334539177
6160,-21.698802249645645,-16.827860549134325,-20.153350197036506,-21.28524607335815
6161,-23.07651250127572,-17.658648183373234,-21.548091022814205,-22.492220201428196
6162,-24.32849603344611,-18.386089371301395,-22.854816490526975,-23.560120545238114
6163,-25.484749368962383,-19.00964247766051,-24.071320522658272,-24.506463662422654
6164,-26.56781062518094,-19.533797396608488,-25.18773957001918,-25.355473314673155
6165,-27.585746989678047,-19.96588001402693,-26.186506116097814,-26.127196745823817
6166,-28.541498199990038,-20.311891698227022,-27.049654712289474,-26.83555901024483
6167,-29.443517888791597,-20.575594856837938,-27.764680450175003,-27.494192742830517
6168,-30.304344169910234,-20.76042795934055,-28.330674245154633,-28.11516226707628
6169,-31.12692173429097,-20.86931302874709,-28.763907043790184,-28.699199572616017
6170,-31.89449679966429,-20.902601433825595,-29.092260312071257,-29.22913271473945
6171,-32.581806703332866,-20.85754358345059,-29.34137401141921,-29.675726648706362
6172,-33.169194176819076,-20.729923509453876,-29.528366539133767,-30.010933224570525
6173,-33.64146905902349,-20.517654118422588,-29.66478392724527,-30.215012258564155
6174,-33.98097594545902,-20.22358930146776,-29.75964720517259,-30.277164985052785
6175,-34.16189213822406,-19.855632407720066,-29.818047105350832,-30.196113646545314
6176,-34.15995350045201,-19.42634369097146,-29.83932713762995,-29.98238723311886
6177,-33.96760820246015,-18.95030310824209,-29.81880709236041,-29.655573051525817
6178,-33.59549018352652,-18.438699930909394,-29.74861778869393,-29.24050145290711
6179,-33.064085037415595,-17.897789765449115,-29.61736889121829,-28.766109044559595
6180,-32.3939589773303,-17.33109351875143,-29.41196080684505,-28.260028034853928
6181,-31.60910083222784,-16.74005418231183,-29.119830545929435,-27.742595227549778
6182,-30.74282952893298,-16.124962852754827,-28.734345090680506,-27.22477224003751
6183,-29.83235123348056,-15.48773652659532,-28.260325901547848,-26.708241179315547
6184,-28.902185428808863,-14.832329475335309,-27.71182752946919,-26.185412019384092
6185,-27.94924597998604,-14.16230445981465,-27.107294093559037,-25.642485068391295
6186,-26.9515645443599,-13.480078538185914,-26.46778556165226,-25.06779628717011
6187,-25.89292294362709,-12.790282054159043,-25.814784811602944,-24.45767716047367
6188,-24.780107295559965,-12.10262437985086,-25.164929060841896,-23.814295004011537
6189,-23.63325044990969,-11.428603369169368,-24.527784967402848,-23.13983949983778
6190,-22.472714603597222,-10.776274607467947,-23.908915230708097,-22.437726294477798
6191,-21.324695020790422,-10.148886844753884,-23.313211286032104,-21.718897124652578
6192,-20.228352701948648,-9.546328516384355,-22.7439883572316,-21.00523966021322
6193,-19.230432044659445,-8.966452925313044,-22.198785156056335,-20.325082562233302
6194,-18.364265633966546,-8.406674721038506,-21.667094292948534,-19.70036569047436
6195,-17.634528892059915,-7.866999978280258,-21.136261184431078,-19.134725775273232
6196,-17.018411464615127,-7.351410521006312,-20.602425329696146,-18.60666772984365
6197,-16.482166484799123,-6.8662903207786465,-20.072421142721655,-18.080527229718484
6198,-16.000285517266704,-6.417915368943824,-19.558547721971575,-17.528680413662848
6199,-15.549322910285802,-6.009733678058986,-19.07153100621967,-16.936705864965283
6200,-15.099085677613054,-5.6418831467375075,-18.61246452249867,-16.298447770607968
6201,-14.623094138171032,-5.313526382849732,-18.173699430079598,-15.618886728067373
6202,-14.11474621224071,-5.022629497948775,-17.74425279246968,-14.916431538578333
6203,-13.591472742961217,-4.7633091567488055,-17.310636627624795,-14.216561144074625
6204,-13.073149198132393,-4.5254153933572,-16.857514457572098,-13.541796221363839
6205,-12.555371730992684,-4.295806488730909,-16.370032241141782,-12.903479894384644
6206,-12.005732910645433,-4.061263569595254,-15.83552730328156,-12.299526702058385
6207,-11.390285022087802,-3.8126112487274813,-15.241877967749138,-11.716923508795626
6208,-10.696662079344184,-3.5465944662045223,-14.576445338693722,-11.13643415228723
6209,-9.927324106024532,-3.2665036153783267,-13.832332075108964,-10.536291680559158
6210,-9.087946335147812,-2.9813925530065064,-13.019874857958902,-9.893655800622316
6211,-8.189185774545118,-2.7011165319851,-12.170450457919173,-9.190453975723544
6212,-7.254494688754639,-2.4317458875576854,-11.32506291624909,-8.423140038358458
6213,-6.32009900858955,-2.177114699493722,-10.51792777768476,-7.602223877840681
6214,-5.418526172922579,-1.9433685003462648,-9.769160210673498,-6.736943542498398
6215,-4.5536182385297845,-1.7403219350466517,-9.087745519929259,-5.824984502894227
6216,-3.699301899588085,-1.5800067115537813,-8.474222986978553,-4.860294067157453
6217,-2.83245631092301,-1.4732021207030719,-7.921637672120504,-3.8441969170781234
6218,-1.9585373230036136,-1.4258708638331983,-7.416516196064894,-2.7866868359811297
6219,-1.1088887804964327,-1.4398784424375344,-6.9410219883381785,-1.7057711551073316
6220,-0.32460136104619103,-1.5148540589976123,-6.4786439793425785,-0.6304285336580474
6221,0.3542854953897667,-1.6460020583802428,-6.018999917388016,0.4002435133768473
6222,0.8841977195614954,-1.8215166487788608,-5.559657678241461,1.3421068313593016
6223,1.2175480960800489,-2.0245315814612073,-5.105222748051869,2.152132180953164
6224,1.318695938994736,-2.237713921649764,-4.663199722308838,2.797922586479418
6225,1.1869615530185074,-2.4439500929791205,-4.242521430678266,3.266875186141223
6226,0.86525800762899,-2.6237026666492236,-3.851960295941857,3.5696907885021574
6227,0.41816565897855684,-2.7586978980305745,-3.4925218196582466,3.7373092736347444
6228,-0.0917679693577518,-2.839738996203891,-3.1541128554240245,3.810425687338393
6229,-0.6096031272019862,-2.8684542968808207,-2.8227908445466237,3.8261858959316264
6230,-1.08801653651794,-2.8536155912383174,-2.4934718822748936,3.809729345491173
6231,-1.4888137287322791,-2.8080917935452736,-2.179678562129344,3.7707890962007435
6232,-1.7921096022115233,-2.746766995191614,-1.9110071953819243,3.708367404980204
6233,-2.003831662250259,-2.685078468345986,-1.7185703751508778,3.6219722975033566
6234,-2.145821102603879,-2.6380132616731777,-1.6206976477900035,3.5154335628497715
6235,-2.2310541062817486,-2.617199886827146,-1.61620405218553,3.396422063278239
6236,-2.2507173312453896,-2.6273548512927682,-1.683873687445252,3.277619834250605
6237,-2.1871265431863454,-2.6662979079104563,-1.7858268585416828,3.176254503029559
6238,-2.030209424798444,-2.727255256039706,-1.8733094967521704,3.110296525403332
6239,-1.782326544724032,-2.7989769802944493,-1.894487937064252,3.0928962452497926
6240,-1.4526299583650732,-2.8656818882876305,-1.8041981816994934,3.1301474151308275
6241,-1.0504321153669989,-2.9088390631200287,-1.573706768952197,3.222340852184297
6242,-0.5825180272277205,-2.909864402435904,-1.1947342924501725,3.3667468680499635
6243,-0.05931843311119936,-2.854680597034288,-0.6751233209111239,3.5576003626591293
6244,0.4993851215178043,-2.736241937300501,-0.03371690899742613,3.7849109775525287
6245,1.080835103661431,-2.552561830954651,0.6990019683896491,4.038563122129608
6246,1.6905777898315648,-2.306556808096564,1.4819358264407843,4.314579922245098
6247,2.339300185794757,-2.0074689800191927,2.2734164242310055,4.614658952157852
6248,3.0285570030751345,-1.6677843815134281,3.043933569568527,4.93965448348912
6249,3.7472140337246613,-1.2986304801434334,3.779577936342952,5.285575799135563
6250,4.479067232070579,-0.908689826807853,4.4740272795934395,5.642624099330278
6251,5.215740125484355,-0.5037779773976535,5.1206512432038656,5.9987904896350175
6252,5.963446284677283,-0.08581304501555717,5.713246012861447,6.347384889264843
6253,6.72817518757605,0.3471080268279337,6.250177333179987,6.688193138526175
6254,7.499187687802962,0.7989330050848233,6.73528519510068,7.023565540870788
6255,8.25250811368636,1.271230975416645,7.1746447681590295,7.356109448236728
6256,8.963527842919984,1.75903302389348,7.571696232052399,7.689308873604386
6257,9.618713873251057,2.250277945420121,7.926147682674149,8.02786393599716
6258,10.209054138243575,2.7290362664924643,8.236551758004895,8.37313655795281
6259,10.715506046373978,3.179682543036831,8.501256956809515,8.718908549289297
6260,11.11092926880199,3.5901629263640316,8.715501164866069,9.055221024226663
6261,11.378796724949392,3.9548312746241217,8.871736402877833,9.37544086772949
6262,11.56240673348898,4.267585014355451,8.975644845274243,9.68748067049438
6263,11.614971095128418,4.542711369178237,9.02405544824491,9.95726775898797
6264,11.51529237541508,4.7912936875265135,9.025399033454018,10.158672750235601
6265,11.274271422086272,5.02170685894769,8.992305455794222,10.277562135511099
6266,10.931248865019889,5.237738346523134,8.938596032016065,10.314715582641721
6267,10.538605414340342,5.4386001441899285,8.878211738812409,10.284559204891325
6268,10.142744534112033,5.620951208515191,8.822237911503843,10.208093749446034
6269,9.77196183108747,5.779140879355401,8.776564365288312,10.10426483752836
6270,9.442081811244936,5.905268080714038,8.741232007734503,9.988800032182569
6271,9.172221208617922,5.9927668409308925,8.712643682412224,9.878245544080896
6272,-0.42962937336527357,-0.25653923683544544,-0.7036505740675733,-0.3950667129730639
6273,-1.085773694746289,-0.613721247481833,-1.4452500129953625,-0.9377400494443227
6274,-2.060618338361099,-1.131962394743926,-2.4734100377664294,-1.7300700589956235
6275,-3.362134792167478,-1.817915741523551,-3.7703829689643618,-2.778465989577396
6276,-4.959575909910592,-2.67111484964556,-5.28739881480712,-4.0512128744505045
6277,-6.777212113585223,-3.6800492290710958,-6.957778095082865,-5.479412233484279
6278,-8.707407314012155,-4.819523934585541,-8.708204185821216,-6.97664745660161
6279,-10.638644890171845,-6.051420302762885,-10.470514488895246,-8.462298180890135
6280,-12.482561466462032,-7.328686225048132,-12.197073680256592,-9.881359940146195
6281,-14.190939329054617,-8.606139283537496,-13.875901981878446,-11.218463165452754
6282,-15.76959448874528,-9.856940403409913,-15.54575201625904,-12.507101109255439
6283,-17.221982066994737,-11.05052397852276,-17.214266284333714,-13.780256061268599
6284,-18.567230110704646,-12.160738663422489,-18.882068948123987,-15.071552992051256
6285,-19.837170145045086,-13.163756111396419,-20.544401665520642,-16.407291588809137
6286,-21.05731864714471,-14.041413654442167,-22.190538491244002,-17.801763495598447
6287,-22.226427623490547,-14.787862344489094,-23.80327631847754,-19.248067926500557
6288,-23.315336278266457,-15.409496705876021,-25.35796495265085,-20.709394718136476
6289,-24.283954327495923,-15.9203723445164,-26.823790378896636,-22.127097423868943
6290,-25.104757195699946,-16.339618439036506,-28.1714468366065,-23.440039625512608
6291,-25.76349686005488,-16.68529860983702,-29.38245259770282,-24.596564416229963
6292,-26.245571067375266,-16.965174314207264,-30.45439989933913,-25.559859181835908
6293,-26.540579238468116,-17.175767558203205,-31.39603963029866,-26.314847628026204
6294,-26.656437049704614,-17.31049039128265,-32.2158229922088,-26.868178371288398
6295,-26.621476626682362,-17.36627140576914,-32.91716883002795,-27.234021748574396
6296,-26.469504525195934,-17.34503298433694,-33.49789884132894,-27.423852191686628
6297,-26.22582530526144,-17.255053475904504,-33.949132601310886,-27.447260642842217
6298,-25.905995638401514,-17.11091569646012,-34.258946426335285,-27.315501324562007
6299,-25.523956595512583,-16.929438799573006,-34.41968830984876,-27.04540034084182
6300,-25.0982286969303,-16.726283424943897,-34.42847394988134,-26.65983438824991
6301,-24.648219513885117,-16.51438791231142,-34.280553845354326,-26.182498590122663
6302,-24.184371972007877,-16.302548867620292,-33.96924615824774,-25.63279601990943
6303,-23.700256671802936,-16.094182323836623,-33.493678353882984,-25.025083280274742
6304,-23.188242852031557,-15.886899357946582,-32.86208662610336,-24.374148591251874
6305,-22.658599483767265,-15.674330904434687,-32.09020880704598,-23.70404819605497
6306,-22.129830795411756,-15.449450662537735,-31.20025710800097,-23.04341578992925
6307,-21.60628784371288,-15.206897880758232,-30.219380837611943,-22.40827548766415
6308,-21.070631752268984,-14.944955378476974,-29.17870616114062,-21.79897386813298
6309,-20.505898119915518,-14.666153206648097,-28.11320458294606,-21.213058587940548
6310,-19.910829481453135,-14.374632471585448,-27.056141687001087,-20.65007067124004
6311,-19.286366037426454,-14.074409159135671,-26.030889381862043,-20.107140141866882
6312,-18.622031729084412,-13.769336379497009,-25.050956431733685,-19.578341653209332
6313,-17.89725754101942,-13.464090106413213,-24.123935271408325,-19.058962691983044
6314,-17.09886682162398,-13.165995029588842,-23.251873144212833,-18.545624946643265
6315,-16.23561762957351,-12.883037001688335,-22.43119431209167,-18.031960466968073
6316,-15.333772770806094,-12.619672518568654,-21.654951635513434,-17.509019803716264
6317,-14.418688995070607,-12.374469923394008,-20.917464836625413,-16.96671805799864
6318,-13.499805247717184,-12.140212043712257,-20.219338349086385,-16.393673037267728
6319,-12.582413365958041,-11.906671641969172,-19.56962132391895,-15.784608416417145
6320,-11.687751770607637,-11.664451732697266,-18.9836145761464,-15.149361370671278
6321,-10.847301114023505,-11.407386298430104,-18.47795827733689,-14.507958108675796
6322,-10.077413036384904,-11.131597844307658,-18.066897487177183,-13.876816241531623
6323,-9.373033280269642,-10.833668155311322,-17.758630933035427,-13.26424107979622
6324,-8.72526259443992,-10.510951337375921,-17.5476289976735,-12.677842611750934
6325,-8.135737380505244,-10.162724345154011,-17.409226468242558,-12.129829554304738
6326,-7.6200992929753815,-9.791354522482358,-17.307224887095654,-11.634201863316926
6327,-7.192374841025603,-9.403761531674304,-17.209504776476354,-11.20137561783803
6328,-6.850530523681069,-9.010974911328198,-17.0995840418267,-10.835594518583084
6329,-6.587028649544394,-8.625510010192745,-16.976324937796804,-10.533389493073521
6330,-6.400507742012645,-8.259565460207089,-16.84789091394524,-10.283702862317837
6331,-6.292120886150031,-7.921397694743222,-16.73185452185022,-10.074389922586414
6332,-6.250924705319116,-7.612673941740776,-16.649427984989416,-9.89458399534991
6333,-6.245825383727966,-7.332196503759658,-16.611128027594106,-9.728118438152496
6334,-6.241146474765412,-7.079932275841505,-16.611245983110972,-9.553646405405988
6335,-6.220041380574039,-6.85762334017642,-16.632708067168554,-9.35429831872248
6336,-6.190245710096689,-6.666381569101079,-16.65342783753243,-9.122809624835353
6337,-6.163467974661206,-6.5032783138560895,-16.649165321265308,-8.855725900529139
6338,-6.140940142233886,-6.361832578163262,-16.596266011887494,-8.549675205448187
6339,-6.120133595324258,-6.236839534108341,-16.475807872123074,-8.20703763429345
6340,-6.103994016082567,-6.126743167367556,-16.2778464315033,-7.8398611765395305
6341,-6.107058922952895,-6.030485839601491,-16.007756842465703,-7.467254541239441
6342,-6.147907129516449,-5.94519845208483,-15.689306501807359,-7.1102328390147065
6343,-6.232171750154534,-5.867734216675177,-15.354238877986463,-6.7885175195622365
6344,-6.345690694759302,-5.793815558430713,-15.024797512077503,-6.517032801000347
6345,-6.469128806691698,-5.714418173658436,-14.707351088773848,-6.297029400250671
6346,-6.592472832901871,-5.616827075680807,-14.39667674230068,-6.115978133051674
6347,-6.710812679709414,-5.489400793319071,-14.081127128907013,-5.960234795503692
6348,-6.8170023186371775,-5.324704327269267,-13.74626765358022,-5.816913433392313
6349,-6.896415380491135,-5.1212525233564525,-13.380143556516057,-5.6670504137323645
6350,-6.935031743059868,-4.883167908788409,-12.98103344595992,-5.493047862837877
6351,-6.931419341108449,-4.6179283199639105,-12.557698504436619,-5.289512979622809
6352,-6.889050834740879,-4.33438108492012,-12.12161972060275,-5.059544116327134
6353,-6.799848336649891,-4.040642855052499,-11.682061454546067,-4.806287166505729
6354,-6.6336704756968885,-3.742833020791461,-11.246477562513217,-4.526989476035041
6355,-6.355151637443399,-3.444815802316387,-10.821580093526023,-4.2149793096178945
6356,-5.946595411935136,-3.1481765908707624,-10.412335242908313,-3.8655862235744864
6357,-5.4052559336726524,-2.8526923241527102,-10.020617199131577,-3.4715316919012054
6358,-4.72851164481769,-2.55722133079859,-9.640971839103033,-3.0159816712596643
6359,-3.905712971919597,-2.2601862706274436,-9.256902018973689,-2.4700768275518796
6360,-2.933380278948725,-1.9591769304825686,-8.846513648478917,-1.7961277729497978
6361,-1.8357544286078167,-1.6519726405199233,-8.392401788421655,-0.9608825121573923
6362,-0.6636833039580121,-1.339845476566028,-7.886489526806579,0.05101350523710402
6363,0.5308873217649779,-1.0281657272302882,-7.327569371095997,1.2346774827213998
6364,1.718014747329252,-0.7234990853533513,-6.717025249602988,2.5730889389697307
6365,2.8793144002848132,-0.43354487531133334,-6.0600893564365235,4.03549370411539
6366,3.9864685655449397,-0.16905088878677346,-5.37017483898057,5.565215102704696
6367,5.009273299175844,0.057940321656128564,-4.66900523935859,7.088842942414843
6368,5.943267057422135,0.2380098646139011,-3.982348630952345,8.543963583511074
6369,6.810924850856758,0.3660839411273083,-3.334743378989116,9.892129776627964
6370,7.635401657044932,0.441215722269875,-2.7451705557662733,11.111637460174455
6371,8.420208477570077,0.4672393457431913,-2.223231307002178,12.190849099961786
6372,9.15272162307521,0.4538220121765207,-1.7666655974187324,13.129845642031498
6373,9.82755525526057,0.41567739989055164,-1.3638506523325136,13.944215213283897
6374,10.453615846737554,0.36903056017899505,-0.9994887582477711,14.660312181889015
6375,11.040124252025718,0.32633411954171493,-0.6606331238807743,15.29993103095544
6376,11.581729329746198,0.29389338100606793,-0.3423608975793416,15.868080321331176
6377,12.054148868609524,0.2729045537172332,-0.04653892493148366,16.35176578638141
6378,12.433792441365165,0.26038436912279983,0.22416201083151754,16.73111891336911
6379,12.71268746314843,0.25220744559539565,0.46648224272037686,16.991576740326256
6380,12.889919791403992,0.24459261149078462,0.6771192700646944,17.124645115389086
6381,12.961802906257105,0.23088494877776727,0.8571675461568213,17.131462545661474
6382,12.928623406727453,0.20254569507519687,1.01413449107741,17.03362763818849
6383,12.80935377245378,0.15449259391579573,1.1618145636260238,16.87354086885282
6384,12.638084971498886,0.08656612514683186,1.316977481866558,16.701081552263183
6385,12.44571628659098,0.0012526574285480988,1.49455946884311,16.555527087867244
6386,12.24939757456191,-0.09665316857110345,1.7045460614089099,16.4558718588453
6387,12.051861464292823,-0.1979012130363773,1.9490325567409217,16.40241772733241
6388,11.849542160132058,-0.2878387147873091,2.218975531551116,16.380420277919765
6389,11.645531691988834,-0.3468867439859131,2.493212263953386,16.362295317537832
6390,11.469755181652143,-0.40108544874093816,2.7664520086090567,16.359907968791717
6391,11.294221956611445,-0.3450256437121404,2.9696696452603324,16.24856269682944
6392,11.092752994476564,-0.12435014673982739,3.0633570479938528,15.958851414433266
6393,10.852246975092267,0.27359514405854934,3.033675336559007,15.472810384319256
6394,10.583001474531704,0.8280424611246039,2.8879781864103666,14.817034020758896
6395,10.311965120222519,1.493017147716365,2.6501169321975615,14.048915565550256
6396,10.064700389446978,2.206420778050406,2.3559940939788566,13.24130766824086
6397,9.858618573396285,2.901178995781618,2.046667408188062,12.471127753818251
6398,9.703862991353489,3.5181603845027896,1.75826610678497,11.8067662161118
6399,9.60149014466231,4.013777841035933,1.5173320065661318,11.292420926010674
